# File name { 
1000306_post_repose.PNG
# } 
# 68 facial Landmarks [x,y] { 
139,248
138,289
138,327
141,363
153,396
173,424
202,445
236,461
271,472
306,467
343,456
374,436
394,408
408,376
417,340
421,300
421,259
170,224
187,205
211,197
236,203
258,212
312,211
335,205
359,203
381,212
396,230
283,243
282,268
281,292
279,317
253,334
264,338
276,342
291,342
304,340
197,242
212,233
230,234
250,249
229,250
210,249
314,253
331,236
354,235
368,248
351,256
332,255
230,379
244,369
261,364
270,367
282,365
304,375
323,393
305,395
286,394
271,392
256,391
241,387
239,379
258,378
271,380
285,382
310,388
286,383
271,381
258,380
# } 
# Left iris [x,y,r] { 
342
243
14
# } 
# Right iris [x,y,r] { 
221
238
14
# } 
# Face bounding Box [top(x), left(y), width, height] { 
101
141
344
344
# }