# File name { 
1000306_pre_smile.PNG
# } 
# 68 facial Landmarks [x,y] { 
56,211
56,270
53,325
55,380
72,433
108,473
156,501
210,521
266,529
319,522
373,503
419,475
450,434
466,385
471,331
474,277
470,223
95,178
120,143
158,126
201,127
239,141
324,140
363,128
397,127
430,143
455,179
279,185
280,220
281,254
281,289
230,310
253,317
278,322
303,317
324,311
138,196
166,173
200,174
226,197
200,201
166,201
323,203
347,180
377,178
402,200
380,204
348,203
169,366
205,355
246,352
270,358
297,354
336,361
360,383
333,398
297,403
265,405
231,406
191,394
182,366
239,364
269,369
298,370
347,381
298,390
266,392
233,393
# } 
# Left iris [x,y,r] { 
363
191
16
# } 
# Right iris [x,y,r] { 
184
186
16
# } 
# Face bounding Box [top(x), left(y), width, height] { 
77
80
416
413
# }