# File name { 
1000306_pre_repose.PNG
# } 
# 68 facial Landmarks [x,y] { 
66,180
66,233
69,281
73,328
88,374
117,410
159,434
208,451
261,457
311,451
359,435
399,410
422,372
435,327
440,281
442,234
442,183
101,147
122,115
155,98
193,100
228,112
303,107
338,97
365,100
397,115
421,143
263,157
262,187
262,215
262,245
224,279
242,281
259,282
279,282
296,281
144,166
167,153
193,151
218,166
192,173
166,174
305,167
331,149
357,150
376,164
355,172
334,172
193,341
215,327
238,318
253,322
271,317
301,329
329,353
299,348
277,347
258,346
239,346
215,345
208,338
238,335
256,335
273,336
314,344
274,335
256,335
239,334
# } 
# Left iris [x,y,r] { 
340
157
16
# } 
# Right iris [x,y,r] { 
179
158
16
# } 
# Face bounding Box [top(x), left(y), width, height] { 
64
64
345
345
# }