# File name { 
1000306_post_smile.PNG
# } 
# 68 facial Landmarks [x,y] { 
130,238
130,279
129,317
132,354
144,387
166,414
196,435
230,452
266,463
301,455
337,442
368,421
389,394
397,360
410,326
418,289
413,246
160,215
177,197
201,189
227,193
249,204
302,202
326,195
349,193
372,201
387,220
275,232
274,258
273,282
272,308
242,318
255,325
269,330
286,327
300,322
189,233
202,224
222,225
242,240
222,241
202,240
306,243
321,225
341,224
362,239
344,245
322,246
209,355
228,347
250,345
263,347
274,345
294,347
329,366
309,377
284,381
264,381
243,380
222,371
216,355
248,355
266,358
285,360
317,366
286,369
265,368
245,368
# } 
# Left iris [x,y,r] { 
332
234
14
# } 
# Right iris [x,y,r] { 
212
228
14
# } 
# Face bounding Box [top(x), left(y), width, height] { 
99
139
339
338
# }