# File name { 
1009905_post_repose.PNG
# } 
# 68 facial Landmarks [x,y] { 
121,273
118,312
120,348
124,383
134,415
152,442
181,461
213,473
247,479
281,474
312,463
339,444
356,419
367,389
375,358
379,324
380,288
153,238
170,224
191,218
214,220
233,228
285,236
305,230
327,229
346,236
359,251
259,262
259,282
260,301
260,320
231,348
244,349
256,350
268,352
279,353
177,263
191,252
209,253
226,268
208,271
190,271
285,273
302,262
320,264
333,274
320,280
303,279
204,393
222,383
242,378
254,383
265,381
283,389
296,400
279,405
261,406
248,406
236,404
220,400
214,392
239,391
252,393
264,394
286,398
263,393
251,392
239,390
# } 
# Left iris [x,y,r] { 
311
268
14
# } 
# Right iris [x,y,r] { 
198
261
14
# } 
# Face bounding Box [top(x), left(y), width, height] { 
117
180
284
285
# }