# File name { 
1009905_pre_repose.PNG
# } 
# 68 facial Landmarks [x,y] { 
70,252
67,310
73,365
79,417
90,468
112,513
148,550
197,577
254,586
310,579
363,557
411,525
444,481
462,429
476,375
481,319
480,260
106,207
131,190
165,187
198,193
228,209
302,209
338,197
373,192
408,198
433,216
263,250
261,286
259,322
257,359
218,389
236,394
255,398
277,398
296,397
140,250
163,234
192,235
220,257
190,263
160,263
310,261
342,240
372,241
393,257
373,270
344,270
185,462
206,448
231,441
247,449
264,444
295,456
331,476
296,480
268,484
245,484
224,481
204,474
198,460
233,458
250,462
269,463
313,471
268,463
249,463
232,459
# } 
# Left iris [x,y,r] { 
355
254
20
# } 
# Right iris [x,y,r] { 
177
246
20
# } 
# Face bounding Box [top(x), left(y), width, height] { 
31
124
410
410
# }