# File name { 
1009905_post_smile.PNG
# } 
# 68 facial Landmarks [x,y] { 
116,254
113,293
115,329
120,363
132,395
155,421
184,441
216,457
251,466
285,459
315,445
342,424
360,399
371,370
377,338
382,304
382,268
152,222
169,211
190,206
212,209
231,217
287,225
307,219
327,219
347,224
360,238
259,251
259,272
260,293
260,315
230,334
243,338
257,340
271,338
283,335
176,248
189,238
207,240
224,255
205,256
188,256
285,261
302,247
320,248
333,258
321,265
303,264
197,367
221,365
243,366
257,370
271,367
292,369
311,373
295,387
273,393
256,393
239,389
218,379
208,368
241,377
257,379
273,377
302,373
272,379
257,378
242,375
# } 
# Left iris [x,y,r] { 
311
253
14
# } 
# Right iris [x,y,r] { 
197
245
14
# } 
# Face bounding Box [top(x), left(y), width, height] { 
114
177
280
279
# }