# File name { 
1011068_pre_smile.png
# } 
# 68 facial Landmarks [x,y] { 
37,353
40,418
47,482
57,548
78,611
113,666
162,711
219,745
287,758
359,750
429,720
489,681
535,631
565,572
579,502
578,427
578,360
74,284
101,246
148,232
196,240
240,262
357,264
403,243
453,232
505,243
542,281
299,337
296,381
292,422
288,466
228,491
257,501
289,511
321,505
353,499
114,351
145,314
187,311
220,349
186,355
148,359
379,360
423,313
464,310
487,350
460,364
419,362
167,569
206,546
249,540
279,547
309,545
354,558
389,591
350,617
309,627
280,630
244,622
203,614
186,571
248,564
279,569
308,570
374,586
306,602
276,602
245,597
# } 
# Left iris [x,y,r] { 
445
330
26
# } 
# Right iris [x,y,r] { 
166
335
26
# } 
# Face bounding Box [top(x), left(y), width, height] { 
45
172
562
558
# }