# File name { 
1011576_pre_smile.png
# } 
# 68 facial Landmarks [x,y] { 
67,314
68,374
68,436
74,491
92,551
127,602
170,649
219,686
277,699
339,696
398,669
449,630
487,579
510,521
520,459
538,397
535,334
124,270
151,243
191,233
232,238
269,249
337,249
382,242
425,240
465,251
492,280
306,292
304,328
301,364
298,403
251,428
272,439
292,448
315,446
336,442
156,308
185,282
220,281
245,302
219,311
186,313
362,305
387,281
424,282
443,308
424,315
394,317
200,518
214,492
233,482
252,500
267,499
296,516
362,560
320,565
293,567
264,568
237,568
216,555
212,519
234,520
251,528
268,521
338,554
295,548
266,544
236,539
# } 
# Left iris [x,y,r] { 
407
294
20
# } 
# Right iris [x,y,r] { 
201
296
20
# } 
# Face bounding Box [top(x), left(y), width, height] { 
36
142
470
470
# }