# File name { 
1011068_pre_repose.png
# } 
# 68 facial Landmarks [x,y] { 
28,319
31,387
44,450
61,514
86,573
125,621
180,655
242,680
311,686
380,677
443,649
498,613
539,563
565,506
576,439
582,370
577,289
59,222
89,184
139,168
191,171
241,187
349,182
394,162
446,159
496,172
534,206
294,260
294,299
295,336
295,376
238,421
267,427
299,432
328,425
358,417
111,286
137,254
181,250
221,286
181,295
142,297
373,281
416,242
458,237
484,273
456,286
416,285
195,527
230,490
269,473
298,478
325,471
368,485
409,522
370,548
330,558
302,559
271,558
234,550
215,524
270,507
299,508
326,505
391,521
328,516
301,519
271,517
# } 
# Left iris [x,y,r] { 
438
254
26
# } 
# Right iris [x,y,r] { 
159
270
26
# } 
# Face bounding Box [top(x), left(y), width, height] { 
45
109
566
565
# }