# File name { 
1032027_post_smile.png
# } 
# 68 facial Landmarks [x,y] { 
138,301
140,348
145,394
156,439
176,480
208,511
250,534
299,549
351,552
398,544
434,521
464,491
484,457
495,416
505,378
508,337
508,294
194,256
220,231
255,222
290,226
324,240
365,242
393,229
424,223
456,228
478,251
345,280
347,304
349,327
352,351
309,377
330,381
351,386
370,380
388,373
232,293
249,279
274,278
293,297
271,300
249,299
388,293
405,275
432,273
447,287
429,293
408,294
265,443
296,426
328,415
351,416
370,412
396,418
420,433
399,463
374,477
353,481
329,480
296,471
277,445
328,434
351,433
371,431
408,437
373,448
352,452
329,452
# } 
# Left iris [x,y,r] { 
417
282
16
# } 
# Right iris [x,y,r] { 
261
288
16
# } 
# Face bounding Box [top(x), left(y), width, height] { 
159
159
388
388
# }