# File name { 
1032027_pre_smile.png
# } 
# 68 facial Landmarks [x,y] { 
82,169
78,229
82,291
90,352
106,412
137,463
183,503
237,533
297,546
358,539
410,509
457,471
491,421
512,365
525,305
535,245
537,185
139,145
171,118
214,111
255,121
295,141
356,147
391,127
429,115
469,121
496,153
320,195
318,231
315,266
313,303
263,331
287,338
312,344
338,339
362,332
173,199
202,186
232,188
259,214
230,216
201,213
374,218
397,196
429,195
453,210
431,221
402,222
225,401
258,388
291,382
314,387
336,383
365,390
396,403
364,444
332,460
308,463
283,461
251,445
238,405
290,405
313,406
335,406
381,407
333,424
311,427
287,425
# } 
# Left iris [x,y,r] { 
414
207
19
# } 
# Right iris [x,y,r] { 
217
200
19
# } 
# Face bounding Box [top(x), left(y), width, height] { 
88
36
471
471
# }