# File name { 
1032027_post_repose.png
# } 
# 68 facial Landmarks [x,y] { 
115,281
115,328
118,376
126,421
141,462
169,496
207,518
253,530
302,534
349,527
390,510
426,489
452,459
466,420
474,378
482,343
486,295
166,236
195,212
231,203
267,206
301,219
343,214
373,200
405,196
436,208
455,235
319,264
319,285
319,306
319,328
276,366
295,369
313,371
331,369
349,365
201,274
224,262
249,263
269,282
247,286
221,284
358,281
381,262
405,260
424,275
407,285
382,285
234,437
261,417
291,404
309,408
327,403
350,415
369,438
349,456
326,462
307,463
287,463
259,456
245,435
290,430
308,430
327,429
358,436
327,430
308,432
289,432
# } 
# Left iris [x,y,r] { 
392
269
16
# } 
# Right iris [x,y,r] { 
237
270
16
# } 
# Face bounding Box [top(x), left(y), width, height] { 
113
158
386
386
# }