# File name { 
1038325_pre_repose.PNG
# } 
# 68 facial Landmarks [x,y] { 
33,313
39,376
51,439
59,496
73,549
110,593
159,622
215,637
275,642
334,632
389,614
437,586
469,546
489,497
504,443
516,384
521,321
91,228
109,214
149,204
180,212
218,231
327,227
366,213
407,211
438,226
457,250
269,281
269,306
269,330
270,356
230,419
251,417
272,415
294,414
314,414
124,287
149,267
184,265
210,296
181,304
152,304
326,299
356,272
387,274
413,298
386,310
352,307
200,512
235,488
268,471
288,475
304,467
331,478
361,499
333,502
310,504
289,506
267,507
236,510
216,506
260,492
284,491
305,487
350,492
305,489
285,490
263,491
# } 
# Left iris [x,y,r] { 
372
290
21
# } 
# Right iris [x,y,r] { 
168
278
21
# } 
# Face bounding Box [top(x), left(y), width, height] { 
40
152
496
494
# }