# File name { 
1038325_post_smile.PNG
# } 
# 68 facial Landmarks [x,y] { 
127,318
129,362
136,401
150,434
162,473
183,497
215,514
251,524
288,530
323,522
357,510
387,491
409,468
422,436
428,400
434,364
436,323
163,270
180,258
204,255
228,263
248,275
325,276
347,268
370,265
390,272
404,286
284,309
284,327
285,343
286,362
256,391
271,392
286,393
302,390
315,388
191,308
206,294
231,295
247,314
226,316
206,316
318,318
336,301
359,302
375,317
360,321
340,321
237,441
259,430
280,423
293,424
305,421
325,425
342,433
328,439
312,444
295,445
279,444
259,443
247,440
275,436
292,435
308,432
334,431
310,434
295,435
278,435
# } 
# Left iris [x,y,r] { 
348
309
14
# } 
# Right iris [x,y,r] { 
220
301
14
# } 
# Face bounding Box [top(x), left(y), width, height] { 
100
217
342
342
# }