# File name { 
7071738_post_repose.PNG
# } 
# 68 facial Landmarks [x,y] { 
31,233
35,295
38,352
51,404
70,451
99,491
143,521
195,537
253,543
310,535
362,517
405,488
433,449
449,400
458,348
462,292
458,230
78,170
100,139
137,125
178,130
209,149
292,155
325,142
362,141
396,156
419,184
249,199
250,234
251,267
252,302
208,339
230,340
252,341
276,340
295,339
120,206
141,191
170,190
199,209
170,214
142,215
296,211
325,187
355,189
375,206
356,217
327,216
167,403
197,390
230,386
250,391
274,388
309,395
342,400
316,416
284,422
256,423
227,421
195,414
183,401
226,402
252,404
278,404
328,403
280,403
254,402
227,401
# } 
# Left iris [x,y,r] { 
338
200
16
# } 
# Right iris [x,y,r] { 
155
200
16
# } 
# Face bounding Box [top(x), left(y), width, height] { 
31
123
407
407
# }