# File name { 
7071738_pre_smile.PNG
# } 
# 68 facial Landmarks [x,y] { 
42,259
47,318
53,378
68,430
85,476
106,523
148,557
200,579
257,588
315,582
367,560
406,526
435,481
441,434
451,374
457,323
457,262
90,230
117,209
155,198
195,202
231,214
295,208
331,197
369,192
403,203
428,226
265,255
266,291
267,326
267,361
228,395
246,397
265,400
285,400
302,399
130,263
157,243
181,243
215,265
185,271
158,271
308,265
338,241
363,242
388,259
361,267
336,268
186,453
209,440
234,432
248,440
265,438
294,455
319,478
297,483
270,483
245,480
222,475
202,465
199,451
232,453
249,457
269,461
304,474
269,463
249,459
232,455
# } 
# Left iris [x,y,r] { 
350
252
16
# } 
# Right iris [x,y,r] { 
171
256
16
# } 
# Face bounding Box [top(x), left(y), width, height] { 
31
168
409
410
# }