# File name { 
7071738_post_smile.PNG
# } 
# 68 facial Landmarks [x,y] { 
16,234
15,297
19,354
29,408
50,454
84,495
129,524
182,545
239,552
295,544
347,521
393,491
427,449
447,401
456,347
459,290
455,230
66,196
90,171
127,160
168,165
201,179
277,178
311,164
348,159
383,169
409,195
239,215
241,251
243,285
244,321
194,347
217,352
242,357
268,352
289,346
109,217
131,204
158,204
186,223
157,223
131,223
286,224
313,201
342,204
363,216
342,225
315,225
143,397
178,390
213,389
235,393
258,390
294,392
330,386
298,411
264,420
236,422
206,421
172,413
158,395
209,403
235,405
261,403
316,393
261,407
235,408
209,407
# } 
# Left iris [x,y,r] { 
327
215
16
# } 
# Right iris [x,y,r] { 
143
215
16
# } 
# Face bounding Box [top(x), left(y), width, height] { 
30
121
400
400
# }