# File name { 
7094090_pre_smile.PNG
# } 
# 68 facial Landmarks [x,y] { 
59,272
53,339
55,403
60,458
91,509
135,553
174,577
228,604
297,610
361,591
417,564
467,532
521,478
525,424
527,377
523,311
510,244
83,195
100,157
140,146
183,153
217,174
325,157
364,136
408,128
449,142
473,174
268,236
267,276
266,314
264,345
213,377
238,384
268,395
298,387
326,371
116,261
144,237
177,236
216,251
179,270
148,276
321,243
357,217
387,212
424,240
389,248
356,248
187,447
213,436
262,435
285,443
304,436
326,448
359,464
342,476
315,479
282,482
251,480
221,468
209,452
241,450
268,450
296,452
337,462
294,453
268,455
241,452
# } 
# Left iris [x,y,r] { 
373
230
19
# } 
# Right iris [x,y,r] { 
165
254
19
# } 
# Face bounding Box [top(x), left(y), width, height] { 
39
95
492
492
# }