# File name { 
7094090_post_repose.PNG
# } 
# 68 facial Landmarks [x,y] { 
29,226
28,285
30,341
30,390
53,441
92,483
136,513
190,531
248,538
303,526
358,504
402,471
445,423
472,377
472,322
470,270
458,216
53,148
74,115
110,99
152,102
186,120
284,115
318,96
357,92
393,106
414,135
233,171
233,204
233,235
234,269
197,318
218,317
238,316
261,313
280,310
95,189
123,165
153,165
184,191
157,198
119,198
284,188
319,164
352,164
375,183
353,192
321,193
168,407
196,382
228,367
248,371
269,363
304,373
328,389
310,400
282,405
255,407
227,408
195,410
187,400
224,389
249,389
273,384
313,388
274,385
251,387
226,387
# } 
# Left iris [x,y,r] { 
336
177
21
# } 
# Right iris [x,y,r] { 
140
181
21
# } 
# Face bounding Box [top(x), left(y), width, height] { 
-71
39
547
492
# }