# File name { 
7094090_pre_repose.PNG
# } 
# 68 facial Landmarks [x,y] { 
43,332
38,394
40,455
48,506
68,564
104,597
150,645
209,665
270,678
330,665
392,633
445,593
488,545
513,488
513,435
512,375
504,307
62,256
72,212
105,190
149,192
177,218
314,199
353,174
400,168
444,187
461,227
250,281
250,322
250,360
250,398
191,425
225,439
254,443
284,434
311,422
105,297
138,274
173,274
201,293
173,300
136,304
312,292
354,261
388,264
414,286
386,290
354,293
189,524
230,498
254,491
269,497
286,492
311,502
345,523
317,526
291,530
258,532
229,535
204,533
209,523
227,517
249,514
275,510
329,513
276,513
248,515
225,522
# } 
# Left iris [x,y,r] { 
369
277
19
# } 
# Right iris [x,y,r] { 
157
285
19
# } 
# Face bounding Box [top(x), left(y), width, height] { 
-71
151
548
490
# }