# File name { 
7097101_post_smile.PNG
# } 
# 68 facial Landmarks [x,y] { 
118,323
118,367
120,414
123,451
142,483
163,509
191,531
218,545
255,554
298,547
327,528
363,504
386,478
403,452
415,421
427,387
420,343
155,273
169,258
188,253
209,249
234,257
307,264
327,255
353,261
371,266
390,283
272,296
271,316
270,336
268,357
230,375
248,381
268,386
289,384
306,381
178,299
195,285
214,285
234,303
214,304
194,304
306,312
324,293
344,294
363,312
343,314
322,313
191,419
213,413
235,405
255,412
272,409
308,417
334,426
303,435
279,439
253,440
222,439
206,436
202,421
234,420
248,421
277,418
316,428
276,427
243,432
222,431
# } 
# Left iris [x,y,r] { 
334
304
14
# } 
# Right iris [x,y,r] { 
205
296
14
# } 
# Face bounding Box [top(x), left(y), width, height] { 
100
216
340
339
# }