# File name { 
7166808_post_smile.PNG
# } 
# 68 facial Landmarks [x,y] { 
32,295
24,353
27,416
40,465
63,513
91,560
133,616
182,652
240,667
308,661
369,638
414,581
443,535
464,471
472,405
471,347
467,300
62,269
90,241
131,232
171,235
209,249
259,244
298,231
340,222
383,228
413,254
236,274
237,313
237,352
236,392
198,406
216,413
238,425
260,424
279,421
109,287
131,265
165,262
189,290
164,293
136,292
286,288
310,261
344,257
368,275
344,287
313,287
156,470
182,463
198,461
220,470
242,469
274,477
320,495
280,511
246,508
216,506
194,500
174,490
172,473
201,479
226,485
254,486
298,495
248,489
221,488
196,480
# } 
# Left iris [x,y,r] { 
328
271
21
# } 
# Right iris [x,y,r] { 
149
279
21
# } 
# Face bounding Box [top(x), left(y), width, height] { 
31
169
410
410
# }