# File name { 
7166808_post_repose.PNG
# } 
# 68 facial Landmarks [x,y] { 
52,328
46,392
52,455
68,512
94,564
124,607
168,658
217,680
276,690
342,673
392,653
435,615
463,560
479,500
490,430
492,368
482,315
81,290
105,261
146,250
189,254
226,268
274,265
314,252
358,242
403,250
432,275
257,300
258,336
259,371
260,409
224,448
243,449
263,449
284,449
302,449
126,314
152,291
185,290
216,310
186,321
154,324
301,306
331,279
362,276
388,297
365,314
334,313
199,531
231,506
247,499
261,501
281,496
305,509
338,537
305,550
287,548
267,551
238,550
217,545
216,522
242,522
263,523
286,522
321,532
290,526
266,525
245,522
# } 
# Left iris [x,y,r] { 
348
292
21
# } 
# Right iris [x,y,r] { 
170
302
21
# } 
# Face bounding Box [top(x), left(y), width, height] { 
31
215
414
413
# }