# File name { 
7166808_pre_smile.PNG
# } 
# 68 facial Landmarks [x,y] { 
35,212
36,283
43,349
58,410
81,465
118,516
161,562
210,604
277,624
348,614
403,574
448,525
483,469
503,408
514,345
520,275
511,199
66,192
96,157
142,146
190,151
235,164
298,159
343,145
394,132
444,140
477,172
270,201
270,241
270,281
269,323
221,358
243,364
266,368
292,370
315,370
120,215
156,190
186,190
221,212
186,219
158,221
323,209
356,182
388,180
422,199
386,213
358,212
180,426
197,414
220,407
237,417
259,413
299,434
336,460
305,474
271,481
241,480
213,472
193,451
190,427
222,432
245,441
270,444
316,457
269,447
244,446
222,438
# } 
# Left iris [x,y,r] { 
373
195
19
# } 
# Right iris [x,y,r] { 
172
203
19
# } 
# Face bounding Box [top(x), left(y), width, height] { 
39
95
493
493
# }