# File name { 
7166808_pre_repose.PNG
# } 
# 68 facial Landmarks [x,y] { 
17,230
19,297
28,360
42,419
64,474
99,526
146,568
201,604
271,616
339,602
393,564
435,517
467,464
485,405
495,345
500,284
498,217
52,184
80,149
126,136
174,139
219,153
283,151
328,136
377,126
426,135
456,165
257,193
257,230
259,266
260,306
216,352
239,356
262,358
285,355
306,352
105,207
138,185
168,186
203,205
172,216
139,217
309,204
340,177
371,175
403,195
369,209
340,209
184,445
208,424
236,408
255,414
275,408
308,425
332,448
315,470
287,481
259,483
231,481
203,467
197,444
235,439
256,443
280,441
319,448
281,445
257,446
235,443
# } 
# Left iris [x,y,r] { 
355
189
19
# } 
# Right iris [x,y,r] { 
155
196
19
# } 
# Face bounding Box [top(x), left(y), width, height] { 
-72
40
552
496
# }