# File name { 
7296772_post_smile.PNG
# } 
# 68 facial Landmarks [x,y] { 
116,242
108,281
112,317
123,352
138,385
163,409
195,428
229,443
268,451
310,445
342,431
373,411
393,379
402,347
407,312
408,278
406,243
144,207
162,191
186,184
213,188
235,198
297,194
318,185
342,182
364,189
379,206
265,225
265,243
266,261
267,279
238,304
252,305
267,305
282,303
294,301
172,230
192,223
211,224
230,236
210,237
192,237
298,235
318,218
338,218
350,229
338,236
315,238
198,341
226,333
252,327
268,329
283,326
308,332
329,344
311,354
290,362
269,364
247,363
221,356
210,341
249,341
268,341
286,339
321,343
287,347
267,348
247,348
# } 
# Left iris [x,y,r] { 
328
229
14
# } 
# Right iris [x,y,r] { 
204
230
14
# } 
# Face bounding Box [top(x), left(y), width, height] { 
117
149
285
285
# }