# File name { 
7296772_pre_repose.PNG
# } 
# 68 facial Landmarks [x,y] { 
54,269
54,329
61,387
71,443
89,496
125,538
171,569
223,591
284,602
341,591
392,570
434,541
463,499
479,449
491,395
499,338
498,281
102,203
130,178
162,173
203,183
237,202
325,204
360,189
401,185
436,195
461,219
281,249
280,277
281,305
281,335
246,380
263,379
281,378
300,378
316,377
141,253
164,238
196,240
227,264
194,267
163,266
331,269
361,249
392,250
415,267
393,277
361,275
214,453
243,430
271,416
288,421
306,417
333,434
356,460
340,470
315,474
292,475
268,471
241,464
230,449
265,441
287,443
306,442
342,454
307,446
288,446
266,442
# } 
# Left iris [x,y,r] { 
375
262
21
# } 
# Right iris [x,y,r] { 
183
245
21
# } 
# Face bounding Box [top(x), left(y), width, height] { 
76
169
410
410
# }