# File name { 
7338307_post_smile.PNG
# } 
# 68 facial Landmarks [x,y] { 
130,250
127,293
123,332
127,368
141,398
161,431
194,450
229,467
268,475
308,468
346,452
376,422
399,396
413,370
423,332
423,296
420,256
157,220
173,203
197,197
222,201
243,212
312,207
334,198
358,196
379,204
392,220
275,239
275,261
275,283
275,306
239,323
255,328
273,332
291,329
306,325
183,243
200,227
220,229
239,248
218,247
199,247
307,251
327,234
349,236
361,252
346,257
326,253
201,358
229,355
256,357
271,361
289,357
314,359
329,368
315,378
292,383
271,383
249,381
222,373
212,359
250,367
270,369
290,368
321,367
290,371
270,370
250,369
# } 
# Left iris [x,y,r] { 
337
244
14
# } 
# Right iris [x,y,r] { 
210
238
14
# } 
# Face bounding Box [top(x), left(y), width, height] { 
99
138
337
337
# }