# File name { 
7338307_pre_smile.PNG
# } 
# 68 facial Landmarks [x,y] { 
62,304
54,365
60,421
67,474
86,520
116,560
154,591
201,615
258,629
315,618
365,595
410,550
437,519
460,477
480,424
481,368
473,306
94,241
114,213
147,201
185,205
216,217
313,201
346,187
384,184
417,198
437,231
260,261
259,291
257,320
256,351
213,386
234,390
257,394
282,391
304,387
120,277
146,257
179,257
210,278
183,281
145,283
312,278
337,259
369,258
391,286
370,288
336,283
157,471
193,449
222,435
242,442
265,440
296,440
338,478
306,491
273,495
236,496
209,500
177,492
173,474
211,460
234,462
253,460
319,474
260,470
230,475
200,479
# } 
# Left iris [x,y,r] { 
355
274
21
# } 
# Right iris [x,y,r] { 
164
270
21
# } 
# Face bounding Box [top(x), left(y), width, height] { 
31
170
414
413
# }