# File name { 
7373065_pre_smile.PNG
# } 
# 68 facial Landmarks [x,y] { 
30,265
35,318
39,371
44,419
54,468
78,511
120,542
175,567
241,584
309,580
372,565
432,538
470,495
490,442
497,386
504,329
504,265
72,200
97,173
136,160
175,160
210,171
304,163
344,151
386,148
427,159
456,187
257,208
256,233
254,257
252,284
205,330
226,333
249,336
278,339
303,342
116,229
143,211
172,211
201,224
171,235
143,232
317,221
349,204
382,207
405,221
382,231
350,229
147,411
171,388
206,377
225,384
251,384
300,407
340,436
303,452
255,454
220,453
190,449
162,437
160,413
205,401
230,407
259,414
322,434
258,429
226,428
197,427
# } 
# Left iris [x,y,r] { 
363
218
17
# } 
# Right iris [x,y,r] { 
159
221
17
# } 
# Face bounding Box [top(x), left(y), width, height] { 
-71
95
548
493
# }