# File name { 
7373065_post_smile.PNG
# } 
# 68 facial Landmarks [x,y] { 
46,240
49,302
48,356
52,406
72,451
108,485
157,507
210,522
269,527
326,520
379,503
427,480
451,440
462,401
478,349
491,294
484,235
87,198
110,168
146,153
189,151
224,163
306,161
341,148
381,146
417,159
440,187
264,195
264,220
263,245
262,272
219,313
239,314
260,315
285,317
307,317
124,223
152,200
176,199
205,215
178,223
152,226
312,218
341,197
368,199
390,216
367,227
337,223
175,390
202,375
235,369
255,375
276,371
316,378
358,380
321,394
288,395
261,396
235,396
204,395
189,386
230,382
257,384
284,385
345,384
284,385
257,385
232,385
# } 
# Left iris [x,y,r] { 
354
211
18
# } 
# Right iris [x,y,r] { 
164
213
18
# } 
# Face bounding Box [top(x), left(y), width, height] { 
77
126
417
416
# }