# File name { 
7373065_pre_repose.PNG
# } 
# 68 facial Landmarks [x,y] { 
39,257
38,322
43,380
48,434
62,483
93,523
141,550
196,567
263,579
333,575
396,560
449,534
482,492
497,440
504,383
509,323
506,256
84,192
108,161
146,144
190,145
226,159
321,151
359,135
402,133
440,150
465,186
272,206
273,228
274,250
274,274
221,334
244,335
267,336
293,342
317,347
127,234
157,213
183,213
218,223
187,233
157,237
325,224
357,210
386,211
415,228
386,235
357,232
185,425
193,404
229,386
250,396
276,392
322,416
349,441
321,447
282,442
254,439
227,439
194,438
206,419
229,411
255,416
279,420
331,433
278,420
254,417
229,417
# } 
# Left iris [x,y,r] { 
374
221
17
# } 
# Right iris [x,y,r] { 
169
225
17
# } 
# Face bounding Box [top(x), left(y), width, height] { 
39
95
494
494
# }