# File name { 
7377344_pre_smile.PNG
# } 
# 68 facial Landmarks [x,y] { 
185,481
202,587
224,682
244,772
279,845
333,917
412,980
516,1012
636,1011
747,986
842,940
921,871
973,790
994,696
997,601
997,507
989,399
251,385
297,344
366,324
441,323
509,335
639,298
706,277
775,268
842,278
896,310
581,400
589,448
597,496
606,548
524,636
571,629
621,623
665,610
702,600
325,456
368,405
414,402
469,435
417,456
369,462
678,405
723,358
771,357
825,388
776,402
727,408
469,812
527,717
601,685
637,687
673,670
726,680
774,716
747,759
705,785
641,805
572,819
525,815
507,787
551,740
604,724
656,703
762,717
668,756
612,772
555,780
# } 
# Left iris [x,y,r] { 
748
380
30
# } 
# Right iris [x,y,r] { 
390
431
30
# } 
# Face bounding Box [top(x), left(y), width, height] { 
218
224
742
742
# }