# File name { 
7382178_pre_repose.png
# } 
# 68 facial Landmarks [x,y] { 
248,607
253,748
276,882
299,1011
337,1130
391,1234
478,1310
581,1361
698,1382
823,1364
954,1318
1078,1243
1169,1134
1233,1006
1262,865
1275,717
1284,566
271,487
318,413
410,388
505,397
599,434
761,421
858,380
966,361
1075,367
1161,428
674,514
670,583
664,651
657,722
603,830
638,844
677,849
723,836
768,819
381,561
451,488
519,483
583,553
522,569
459,573
822,543
904,476
972,471
1034,535
970,557
905,553
547,1057
596,996
648,963
686,976
731,964
791,993
859,1045
789,1076
732,1083
683,1087
643,1086
594,1084
576,1049
648,1017
687,1019
732,1014
827,1038
728,1023
683,1027
643,1027
# } 
# Left iris [x,y,r] { 
938
505
42
# } 
# Right iris [x,y,r] { 
486
518
42
# } 
# Face bounding Box [top(x), left(y), width, height] { 
93
232
1199
1192
# }