# File name { 
7382178_pre_smile.png
# } 
# 68 facial Landmarks [x,y] { 
158,597
156,741
171,876
201,1012
241,1136
309,1240
413,1315
525,1361
651,1374
774,1347
896,1297
1018,1222
1110,1120
1168,990
1189,853
1196,710
1201,566
183,463
238,391
330,377
423,393
513,424
679,409
778,377
881,361
987,372
1067,429
588,499
582,576
578,651
573,730
495,802
542,817
594,827
650,810
704,793
279,548
345,484
416,485
481,539
413,555
354,555
727,530
806,465
866,459
930,525
869,535
808,536
427,1017
490,925
565,898
618,901
679,893
767,911
850,964
779,1040
700,1077
633,1087
575,1086
496,1058
444,1001
567,933
620,930
681,926
823,965
691,1027
628,1031
572,1032
# } 
# Left iris [x,y,r] { 
839
499
42
# } 
# Right iris [x,y,r] { 
385
512
42
# } 
# Face bounding Box [top(x), left(y), width, height] { 
83
207
1074
1067
# }