# File name { 
7391235_pre_repose.png
# } 
# 68 facial Landmarks [x,y] { 
36,495
33,644
40,797
72,944
117,1079
203,1201
313,1301
451,1374
610,1391
761,1361
883,1278
982,1171
1056,1052
1102,919
1125,783
1121,647
1126,516
147,342
219,267
327,243
439,262
540,305
699,314
796,279
894,262
994,284
1049,356
612,415
612,505
613,594
617,688
506,786
562,797
613,804
664,793
713,779
229,437
307,398
398,398
472,453
394,476
294,478
735,456
800,399
880,404
948,447
879,481
796,477
433,1027
506,962
577,921
625,933
682,917
749,950
803,1004
747,1045
687,1068
626,1077
574,1077
505,1064
469,1021
575,989
624,988
681,982
767,1003
683,981
626,989
578,987
# } 
# Left iris [x,y,r] { 
833
430
48
# } 
# Right iris [x,y,r] { 
356
425
48
# } 
# Face bounding Box [top(x), left(y), width, height] { 
-171
95
1315
1183
# }