# File name { 
7391235_post_smile.png
# } 
# 68 facial Landmarks [x,y] { 
144,497
127,581
136,665
153,752
189,832
248,897
327,947
413,983
499,991
581,972
648,924
704,865
743,793
763,711
767,628
765,548
759,469
211,435
247,393
301,370
360,371
417,385
505,389
557,372
613,367
664,382
697,421
462,448
466,494
470,540
475,590
411,639
443,645
477,651
507,641
535,632
263,473
309,439
350,440
393,472
351,484
304,484
525,468
562,436
605,434
647,465
603,475
564,477
337,730
391,718
441,709
478,712
512,703
558,705
604,714
571,765
522,788
485,796
440,780
402,756
356,733
443,731
480,731
515,724
587,719
518,751
482,758
449,740
# } 
# Left iris [x,y,r] { 
584
452
26
# } 
# Right iris [x,y,r] { 
331
460
26
# } 
# Face bounding Box [top(x), left(y), width, height] { 
171
302
582
581
# }