# File name { 
7396023_post_repose.PNG
# } 
# 68 facial Landmarks [x,y] { 
31,192
27,247
32,297
43,340
56,380
76,415
108,448
149,466
198,475
246,471
291,444
323,405
350,373
368,339
382,303
390,253
383,193
56,139
74,109
102,89
137,88
165,102
243,95
275,83
315,83
343,103
356,135
206,142
205,171
204,198
202,228
162,277
180,276
199,277
219,280
238,283
95,157
112,141
134,141
161,158
136,160
110,162
247,161
275,139
302,141
318,156
303,164
276,165
125,341
148,337
168,340
188,346
207,341
234,349
272,354
243,373
220,381
191,382
168,381
147,370
140,347
174,354
193,357
215,358
255,356
217,358
196,358
178,356
# } 
# Left iris [x,y,r] { 
284
149
14
# } 
# Right iris [x,y,r] { 
124
150
14
# } 
# Face bounding Box [top(x), left(y), width, height] { 
-61
37
490
444
# }