# File name { 
7396023_post_smile.PNG
# } 
# 68 facial Landmarks [x,y] { 
26,163
21,214
20,262
27,308
44,349
68,387
99,417
138,439
186,448
234,444
273,417
308,388
332,354
359,307
369,272
383,230
362,177
53,126
71,95
103,83
138,86
168,99
228,93
259,81
294,76
326,91
342,122
198,138
196,165
195,190
193,218
154,252
172,252
190,254
210,256
229,259
88,150
109,132
130,131
154,148
130,152
109,153
245,152
264,134
284,135
305,153
287,155
263,156
117,314
136,305
155,309
176,314
197,312
219,318
266,325
237,349
206,362
178,364
151,354
131,339
129,315
152,319
175,324
198,327
221,332
199,338
175,338
150,332
# } 
# Left iris [x,y,r] { 
274
144
14
# } 
# Right iris [x,y,r] { 
119
143
14
# } 
# Face bounding Box [top(x), left(y), width, height] { 
24
60
311
309
# }