# File name { 
7396023_pre_smile.PNG
# } 
# 68 facial Landmarks [x,y] { 
35,189
26,226
30,272
38,320
51,368
73,410
94,447
128,480
184,510
240,508
292,492
329,447
349,400
359,359
380,303
394,246
386,191
63,133
86,108
119,95
154,100
183,113
257,121
289,111
324,109
353,125
370,152
221,162
218,191
215,221
210,253
161,282
180,286
200,292
222,299
243,304
101,167
124,150
148,150
172,169
146,171
124,170
266,170
290,153
314,155
334,174
314,179
291,177
117,343
143,339
160,340
167,356
188,356
218,374
261,409
219,431
187,435
157,424
141,393
134,373
134,348
151,356
170,366
191,372
244,405
192,396
168,383
152,371
# } 
# Left iris [x,y,r] { 
303
164
14
# } 
# Right iris [x,y,r] { 
136
159
14
# } 
# Face bounding Box [top(x), left(y), width, height] { 
29
71
371
371
# }