# File name { 
7410854_pre_repose.png
# } 
# 68 facial Landmarks [x,y] { 
93,410
101,501
121,590
135,676
162,752
211,815
274,866
353,904
454,908
553,895
630,852
687,794
729,722
751,642
755,557
759,473
761,386
135,251
166,178
234,142
312,143
378,175
489,187
551,159
620,158
682,192
707,263
436,270
438,315
440,359
442,407
359,482
401,489
443,497
484,487
526,479
197,321
242,284
290,284
338,317
290,325
242,328
525,319
566,290
613,292
650,322
613,332
566,328
282,656
334,603
398,577
444,588
487,575
549,599
595,651
551,694
493,710
446,715
396,713
335,699
308,652
397,627
444,629
487,625
568,647
490,649
444,655
397,652
# } 
# Left iris [x,y,r] { 
592
311
30
# } 
# Right iris [x,y,r] { 
260
301
30
# } 
# Face bounding Box [top(x), left(y), width, height] { 
62
150
780
780
# }