# File name { 
7410854_pre_smile.png
# } 
# 68 facial Landmarks [x,y] { 
77,323
78,413
98,505
105,596
135,680
182,755
243,818
321,866
417,880
516,862
602,819
669,759
719,687
752,604
758,514
774,420
778,326
114,185
144,116
210,84
282,88
350,114
479,126
545,102
618,102
683,132
715,200
409,215
408,266
406,317
405,373
317,436
359,449
408,458
456,449
503,438
167,266
211,223
262,221
310,250
262,267
215,271
519,255
566,224
612,227
651,275
608,272
563,273
260,636
297,556
361,535
407,544
450,537
515,558
582,611
518,655
453,674
407,677
357,673
295,653
276,632
360,575
407,578
451,576
543,618
453,626
408,630
360,625
# } 
# Left iris [x,y,r] { 
587
247
30
# } 
# Right iris [x,y,r] { 
241
242
30
# } 
# Face bounding Box [top(x), left(y), width, height] { 
62
62
776
776
# }