# File name { 
7410854_post_smile.png
# } 
# 68 facial Landmarks [x,y] { 
137,357
152,519
177,677
213,840
269,997
366,1124
486,1245
646,1316
837,1323
1020,1282
1147,1178
1240,1041
1328,913
1383,756
1405,607
1366,446
1343,302
238,153
302,50
412,1
534,7
643,61
870,53
966,1
1083,1
1191,6
1253,109
760,205
767,301
774,396
782,499
623,625
702,636
787,648
863,630
936,612
355,295
429,239
498,239
584,284
510,308
433,314
927,282
1004,237
1074,234
1150,294
1078,304
1007,302
480,891
607,828
721,786
795,801
869,776
980,806
1083,854
989,943
899,992
806,1008
703,1004
588,976
532,897
721,882
796,883
872,869
1038,861
883,890
806,904
729,902
# } 
# Left iris [x,y,r] { 
1043
268
41
# } 
# Right iris [x,y,r] { 
469
273
41
# } 
# Face bounding Box [top(x), left(y), width, height] { 
213
-162
1143
1267
# }