# File name { 
7446956_post_smile2.PNG
# } 
# 68 facial Landmarks [x,y] { 
66,224
67,284
71,337
80,388
99,435
126,477
164,512
208,535
261,545
316,541
364,521
407,491
438,452
459,406
477,351
493,297
490,242
100,171
126,143
163,132
201,135
236,147
335,147
371,135
410,132
446,146
466,176
279,201
277,235
275,269
272,303
227,336
248,341
269,344
293,343
314,340
139,201
168,183
200,186
228,215
197,217
166,214
333,217
364,191
395,191
414,211
396,222
365,222
180,396
215,393
244,392
262,399
283,395
314,403
342,414
314,427
282,430
254,432
227,428
201,416
196,400
237,408
261,413
286,413
325,413
280,413
256,414
234,412
# } 
# Left iris [x,y,r] { 
378
207
21
# } 
# Right iris [x,y,r] { 
182
199
21
# } 
# Face bounding Box [top(x), left(y), width, height] { 
78
80
416
414
# }