# File name { 
7446956_pre_repose2.PNG
# } 
# 68 facial Landmarks [x,y] { 
26,297
29,364
43,421
57,474
73,523
100,568
142,603
190,624
248,630
307,620
358,595
396,558
423,512
439,461
447,406
458,351
461,287
64,251
89,225
128,211
169,213
209,224
286,221
324,207
364,200
402,212
427,239
247,273
247,308
248,341
248,376
207,422
228,421
249,421
271,420
290,418
104,286
130,266
162,266
192,288
160,299
128,299
301,283
330,264
361,265
388,283
363,293
331,291
166,497
198,482
231,474
249,481
267,475
296,485
322,501
299,512
273,516
248,513
223,511
196,505
184,495
226,494
248,495
269,495
308,499
269,495
250,494
229,490
# } 
# Left iris [x,y,r] { 
348
277
21
# } 
# Right iris [x,y,r] { 
146
283
21
# } 
# Face bounding Box [top(x), left(y), width, height] { 
32
171
416
417
# }