# File name { 
7446956_pre_smile2.PNG
# } 
# 68 facial Landmarks [x,y] { 
59,266
61,330
74,386
83,438
99,485
125,529
166,565
215,590
275,601
333,590
384,565
424,529
451,484
462,435
471,382
489,328
491,265
103,226
129,207
166,196
206,197
244,209
323,207
359,195
397,188
433,197
457,220
282,253
282,288
282,323
282,359
235,397
258,399
281,401
304,399
324,396
142,259
166,241
198,243
225,265
194,270
165,270
335,265
364,245
394,245
417,261
396,272
366,271
191,456
226,451
258,447
278,453
296,449
324,457
366,473
327,483
299,489
274,488
247,484
221,472
209,458
252,465
275,467
297,467
344,470
297,466
275,467
253,463
# } 
# Left iris [x,y,r] { 
381
256
21
# } 
# Right iris [x,y,r] { 
182
257
21
# } 
# Face bounding Box [top(x), left(y), width, height] { 
77
125
416
416
# }