# File name { 
7458342_pre_smile.PNG
# } 
# 68 facial Landmarks [x,y] { 
186,414
177,535
187,635
199,726
236,833
312,949
385,1014
488,1062
582,1070
684,1071
792,1047
913,1013
1042,927
1112,842
1154,756
1172,649
1195,485
234,280
279,250
349,227
413,237
482,262
753,267
814,237
865,229
934,244
983,260
628,383
624,436
616,490
604,541
499,630
532,650
570,657
641,661
711,644
310,394
385,346
446,346
511,398
453,401
388,411
759,392
840,346
905,345
969,381
901,403
850,410
414,759
462,730
507,713
543,723
594,715
644,734
777,808
710,835
656,839
588,841
528,844
460,825
448,765
490,758
548,765
610,769
734,804
607,781
547,779
490,772
# } 
# Left iris [x,y,r] { 
872
372
41
# } 
# Right iris [x,y,r] { 
416
376
41
# } 
# Face bounding Box [top(x), left(y), width, height] { 
-60
37
481
434
# }