# File name { 
7458342_pre_repose.PNG
# } 
# 68 facial Landmarks [x,y] { 
238,456
243,564
273,715
292,802
341,917
386,975
481,1037
566,1054
656,1066
750,1053
867,1037
977,1006
1065,956
1151,864
1204,770
1219,633
1240,508
287,294
330,253
401,233
454,232
530,245
813,260
889,242
950,238
1014,252
1074,281
674,369
673,428
671,474
662,538
564,638
596,657
639,662
700,662
748,654
359,391
438,355
508,357
564,397
491,414
431,421
815,394
892,350
963,349
1013,392
958,410
889,410
502,811
561,756
602,736
638,744
675,735
747,764
845,822
759,851
697,854
642,856
595,851
543,839
534,804
600,788
649,792
728,790
776,811
734,790
649,791
602,792
# } 
# Left iris [x,y,r] { 
924
379
41
# } 
# Right iris [x,y,r] { 
470
377
41
# } 
# Face bounding Box [top(x), left(y), width, height] { 
-53
70
406
366
# }