# File name { 
7462309_post_smile.PNG
# } 
# 68 facial Landmarks [x,y] { 
35,183
34,233
36,279
41,321
56,361
81,397
115,425
154,447
204,455
254,446
297,425
331,394
355,357
368,316
373,272
374,224
368,174
62,151
79,129
107,119
140,121
168,128
229,117
258,107
289,105
316,116
333,139
197,157
198,182
198,206
199,233
159,264
179,265
200,266
224,265
244,263
85,168
111,152
132,152
158,168
131,173
110,174
239,169
264,150
286,149
305,165
286,170
265,170
121,308
152,308
182,307
200,311
220,307
253,309
278,316
254,327
231,335
203,337
180,334
148,325
135,311
178,322
202,325
225,322
266,317
226,323
203,325
180,323
# } 
# Left iris [x,y,r] { 
276
160
14
# } 
# Right iris [x,y,r] { 
121
163
14
# } 
# Face bounding Box [top(x), left(y), width, height] { 
29
70
365
366
# }