# File name { 
7487649_post_smile.PNG
# } 
# 68 facial Landmarks [x,y] { 
45,209
41,269
42,326
44,384
62,434
92,480
136,518
190,540
256,549
315,538
371,512
422,481
461,441
485,393
496,338
494,279
488,218
79,169
103,134
142,117
188,124
225,143
297,147
338,132
383,129
423,147
446,178
260,195
258,227
256,259
254,293
203,323
227,328
254,334
282,332
308,329
109,203
138,184
170,186
206,208
169,212
137,212
309,211
346,189
378,189
407,207
376,220
345,218
151,398
183,371
225,365
252,372
281,369
324,378
363,393
336,414
296,424
253,426
219,428
180,419
170,392
222,391
253,395
286,396
335,401
287,400
253,400
222,395
# } 
# Left iris [x,y,r] { 
361
205
21
# } 
# Right iris [x,y,r] { 
153
199
21
# } 
# Face bounding Box [top(x), left(y), width, height] { 
32
80
414
412
# }