# File name { 
7487140_pre_smile2.PNG
# } 
# 68 facial Landmarks [x,y] { 
22,351
22,417
29,488
38,542
59,598
88,650
135,692
200,716
263,721
327,713
386,683
428,642
462,600
487,547
500,491
508,437
499,376
49,276
80,246
133,238
166,245
202,261
325,259
364,244
407,246
451,254
473,289
274,341
279,392
284,430
290,487
225,499
248,510
286,528
323,505
340,492
76,327
117,299
147,304
194,337
147,343
108,346
322,329
357,306
396,307
425,335
396,336
359,335
159,573
214,558
267,546
291,557
307,553
339,547
371,553
340,593
305,619
259,620
215,612
189,600
178,571
267,579
290,570
304,568
354,557
313,571
282,581
244,584
# } 
# Left iris [x,y,r] { 
377
319
23
# } 
# Right iris [x,y,r] { 
133
321
23
# } 
# Face bounding Box [top(x), left(y), width, height] { 
-76
161
585
523
# }