# File name { 
7487140_post_smile.PNG
# } 
# 68 facial Landmarks [x,y] { 
29,221
24,284
31,343
43,397
65,445
91,484
133,521
176,546
239,559
300,548
350,519
392,489
425,445
447,404
460,351
466,299
464,239
74,140
98,124
133,111
176,119
214,135
305,133
343,128
378,125
409,135
438,161
259,207
259,250
260,291
261,334
205,356
229,364
256,370
282,365
302,358
98,198
128,177
162,180
192,207
160,213
128,211
307,215
341,188
374,189
401,214
372,225
340,226
140,404
190,411
223,408
243,413
269,409
299,407
343,414
310,437
278,453
242,462
206,458
175,441
164,416
219,428
252,432
282,428
324,422
279,428
249,433
218,431
# } 
# Left iris [x,y,r] { 
360
200
20
# } 
# Right iris [x,y,r] { 
144
193
20
# } 
# Face bounding Box [top(x), left(y), width, height] { 
-71
95
550
496
# }