# File name { 
7487140_post_repose.PNG
# } 
# 68 facial Landmarks [x,y] { 
46,234
43,300
52,357
65,409
81,459
107,505
145,530
197,559
254,570
312,561
361,533
398,505
433,461
455,426
474,365
474,307
464,244
80,169
103,147
143,138
183,144
219,159
302,155
339,145
375,142
411,151
434,174
262,219
263,261
263,303
264,346
214,370
236,378
260,384
283,380
302,375
104,222
135,198
167,203
204,232
166,238
132,237
307,235
340,206
375,207
397,229
377,243
345,242
160,439
196,428
231,424
251,431
274,425
311,433
345,446
314,462
278,471
247,473
218,473
185,462
176,440
227,443
252,448
278,446
324,446
278,445
251,448
226,446
# } 
# Left iris [x,y,r] { 
359
219
20
# } 
# Right iris [x,y,r] { 
151
216
20
# } 
# Face bounding Box [top(x), left(y), width, height] { 
31
124
412
412
# }