# File name { 
7503861_pre_repose.PNG
# } 
# 68 facial Landmarks [x,y] { 
32,270
32,321
45,372
57,417
78,454
103,491
138,517
178,536
223,543
266,533
303,511
334,480
355,446
369,406
377,364
384,319
382,271
68,218
89,191
121,181
155,186
184,201
255,206
284,197
315,196
342,208
359,232
222,250
223,277
225,304
227,331
196,366
212,366
227,366
241,365
252,364
110,257
126,246
150,244
176,261
151,266
126,267
258,264
282,244
309,244
324,262
308,271
283,269
171,439
191,412
218,396
230,401
241,396
261,410
275,428
264,444
248,457
227,462
207,460
187,452
187,434
211,422
228,421
243,420
263,427
244,430
229,432
211,430
# } 
# Left iris [x,y,r] { 
296
253
16
# } 
# Right iris [x,y,r] { 
138
253
16
# } 
# Face bounding Box [top(x), left(y), width, height] { 
29
153
370
370
# }