# File name { 
7503861_post_repose.PNG
# } 
# 68 facial Landmarks [x,y] { 
21,218
14,274
21,321
41,363
62,396
88,427
126,448
167,463
211,468
253,457
291,440
323,418
345,388
360,353
373,313
373,268
372,218
58,158
77,136
107,125
140,127
170,139
236,141
266,134
298,134
326,144
344,164
204,187
205,210
206,233
207,257
176,300
192,299
208,297
225,298
240,298
92,199
112,181
135,182
157,196
134,201
112,204
246,197
267,181
291,181
308,200
289,203
268,201
152,377
174,348
199,331
213,335
225,330
247,342
262,363
246,376
227,388
208,393
189,394
168,387
166,370
194,358
211,358
226,356
251,360
223,358
208,362
192,362
# } 
# Left iris [x,y,r] { 
279
192
16
# } 
# Right iris [x,y,r] { 
124
194
16
# } 
# Face bounding Box [top(x), left(y), width, height] { 
29
113
371
369
# }