# File name { 
7507401_pre_repose.PNG
# } 
# 68 facial Landmarks [x,y] { 
190,553
185,692
204,815
241,935
294,1044
364,1148
463,1223
578,1277
711,1287
835,1252
933,1185
1010,1093
1058,988
1091,877
1094,768
1104,639
1090,522
294,439
351,372
434,339
525,327
610,337
724,318
803,300
888,305
961,339
1013,404
674,446
680,511
687,574
696,643
633,767
670,759
708,752
739,751
767,752
394,514
447,469
511,464
560,490
510,512
456,521
773,478
829,440
884,436
939,472
890,490
831,491
588,985
644,904
705,853
735,861
760,846
796,880
842,943
820,972
773,984
735,973
692,970
644,982
626,967
684,920
720,918
757,914
806,935
755,926
720,940
683,945
# } 
# Left iris [x,y,r] { 
858
463
32
# } 
# Right iris [x,y,r] { 
484
488
32
# } 
# Face bounding Box [top(x), left(y), width, height] { 
253
260
860
860
# }