# File name { 
7507401_post_smile.PNG
# } 
# 68 facial Landmarks [x,y] { 
40,212
24,278
26,341
42,407
69,462
107,500
153,535
206,558
268,564
327,551
374,525
415,487
442,440
458,387
464,331
465,274
463,213
87,170
111,137
152,124
196,128
234,144
294,151
331,142
369,146
402,160
423,185
266,188
267,221
270,255
273,289
229,329
252,328
275,326
296,321
313,317
134,207
160,176
188,177
206,195
188,204
161,206
312,199
339,175
368,176
392,203
365,202
340,203
184,399
224,379
263,370
286,372
307,364
335,371
355,385
343,409
320,420
290,422
258,419
218,412
201,396
253,386
284,383
310,378
343,386
313,403
286,407
254,404
# } 
# Left iris [x,y,r] { 
355
186
18
# } 
# Right iris [x,y,r] { 
174
190
18
# } 
# Face bounding Box [top(x), left(y), width, height] { 
74
76
397
395
# }