# File name { 
7515896_pre_repose.PNG
# } 
# 68 facial Landmarks [x,y] { 
228,472
226,598
234,714
243,826
273,940
323,1034
394,1127
507,1194
633,1219
783,1191
892,1141
978,1067
1041,971
1082,863
1100,745
1117,623
1114,495
316,327
371,277
451,263
535,273
610,300
738,296
820,270
906,262
987,280
1040,326
674,420
671,491
667,563
661,637
575,730
614,732
656,733
698,740
741,746
382,426
432,385
499,387
554,438
492,450
431,449
804,448
859,378
933,377
980,417
930,442
871,451
490,893
534,845
601,819
634,837
672,828
734,867
767,928
729,964
671,981
618,982
573,973
520,952
519,895
589,880
623,891
663,896
729,926
658,906
619,908
585,906
# } 
# Left iris [x,y,r] { 
901
409
41
# } 
# Right iris [x,y,r] { 
464
410
41
# } 
# Face bounding Box [top(x), left(y), width, height] { 
251
159
855
854
# }