# File name { 
7515896_post_smile.PNG
# } 
# 68 facial Landmarks [x,y] { 
27,159
25,208
26,254
28,295
43,335
65,373
95,401
132,424
175,436
218,426
256,405
288,377
313,342
331,304
344,262
349,217
344,166
51,124
72,107
101,103
130,110
155,122
217,119
244,108
273,103
300,109
319,125
184,154
183,183
182,211
182,239
147,258
164,263
181,268
201,265
218,262
81,154
96,145
119,146
145,160
119,161
96,161
223,164
249,147
274,146
290,155
274,165
251,166
108,309
131,297
159,294
174,298
191,296
223,302
247,315
229,341
202,354
175,357
148,354
122,339
119,311
155,314
176,319
199,318
234,317
199,331
175,334
152,331
# } 
# Left iris [x,y,r] { 
262
152
14
# } 
# Right iris [x,y,r] { 
108
147
14
# } 
# Face bounding Box [top(x), left(y), width, height] { 
23
90
300
300
# }