# File name { 
7516874_post_smile.PNG
# } 
# 68 facial Landmarks [x,y] { 
32,184
32,229
35,269
44,307
61,348
81,383
113,410
150,428
194,436
239,425
274,402
301,371
321,335
333,296
339,254
344,212
341,166
51,133
68,112
94,103
122,104
148,111
220,101
245,89
273,86
300,93
318,112
186,145
186,170
187,195
188,221
155,253
171,254
187,254
205,253
221,251
83,161
100,145
121,144
145,159
123,163
102,166
224,153
248,132
271,130
289,147
272,154
250,155
126,313
146,297
173,290
190,293
208,289
235,295
258,303
242,326
218,339
194,343
170,342
143,333
135,312
170,305
190,306
211,303
248,306
215,321
192,324
170,322
# } 
# Left iris [x,y,r] { 
260
140
14
# } 
# Right iris [x,y,r] { 
111
154
14
# } 
# Face bounding Box [top(x), left(y), width, height] { 
23
58
303
301
# }