# File name { 
7516470_post_repose.PNG
# } 
# 68 facial Landmarks [x,y] { 
22,138
19,187
25,233
38,273
51,311
73,344
107,367
147,383
191,391
236,386
280,372
315,348
337,316
350,279
360,238
369,194
371,147
55,98
76,77
107,69
140,75
166,90
236,81
265,68
297,66
325,77
343,101
197,123
195,148
194,173
193,198
161,231
176,232
192,233
209,233
224,232
90,128
115,117
141,117
160,133
140,140
114,139
232,136
259,122
284,124
303,135
284,142
259,141
125,291
149,275
179,271
194,275
210,272
233,277
255,289
236,305
210,312
185,314
162,311
137,303
141,290
168,286
187,288
206,288
241,289
205,291
185,292
167,291
# } 
# Left iris [x,y,r] { 
271
131
15
# } 
# Right iris [x,y,r] { 
128
126
15
# } 
# Face bounding Box [top(x), left(y), width, height] { 
29
29
367
367
# }