# File name { 
7516470_post_smile.PNG
# } 
# 68 facial Landmarks [x,y] { 
31,177
31,225
35,271
48,310
62,348
84,381
119,406
160,422
204,430
248,421
290,405
325,382
351,351
365,314
374,273
382,231
383,185
65,139
87,120
119,115
152,121
179,134
245,128
275,116
307,114
336,124
355,145
210,168
209,194
208,220
208,247
172,277
190,280
208,282
226,280
242,277
100,173
126,159
150,161
171,178
149,182
126,183
249,178
272,163
296,164
320,182
297,183
273,183
140,335
175,318
194,316
210,320
226,315
248,318
274,328
253,345
231,358
207,362
184,359
161,346
158,335
190,333
208,334
226,332
263,328
226,334
207,336
189,335
# } 
# Left iris [x,y,r] { 
284
174
15
# } 
# Right iris [x,y,r] { 
138
171
15
# } 
# Face bounding Box [top(x), left(y), width, height] { 
29
70
364
365
# }