# File name { 
7601472_pre_repose.PNG
# } 
# 68 facial Landmarks [x,y] { 
181,521
169,664
183,782
192,900
222,1014
284,1100
376,1195
472,1241
596,1251
735,1196
832,1128
905,1052
948,962
973,869
982,774
993,659
1013,520
255,384
322,349
406,342
485,357
555,390
688,371
758,376
826,387
884,392
942,409
600,489
601,550
603,612
607,692
492,791
555,811
615,801
661,799
698,796
282,488
337,435
413,441
445,496
402,510
340,510
701,498
765,450
825,450
877,503
827,520
761,519
413,1000
481,941
568,887
625,892
656,876
701,913
731,976
712,1023
671,1073
603,1094
531,1090
481,1066
460,1005
531,943
600,941
639,930
680,971
651,1000
600,1017
537,1024
# } 
# Left iris [x,y,r] { 
794
483
44
# } 
# Right iris [x,y,r] { 
372
467
44
# } 
# Face bounding Box [top(x), left(y), width, height] { 
70
277
914
913
# }