# File name { 
7605759_pre_repose.PNG
# } 
# 68 facial Landmarks [x,y] { 
123,487
129,629
154,762
198,887
251,984
338,1061
438,1109
540,1144
661,1161
799,1136
918,1092
1031,1009
1101,915
1140,806
1156,681
1173,556
1157,411
219,362
280,303
372,266
474,274
563,311
713,258
800,210
891,185
977,209
1031,247
643,374
653,434
656,491
660,557
535,666
606,670
664,671
721,664
779,657
305,463
378,401
438,394
514,447
441,462
379,471
763,421
830,358
895,359
955,387
897,413
830,421
484,859
540,773
603,738
649,750
692,740
771,769
856,835
813,848
755,868
671,890
597,886
533,879
511,836
573,811
649,809
714,798
818,825
715,800
651,812
573,811
# } 
# Left iris [x,y,r] { 
863
387
38
# } 
# Right iris [x,y,r] { 
413
427
38
# } 
# Face bounding Box [top(x), left(y), width, height] { 
79
79
1029
1029
# }