# File name { 
7605949_pre_smile.PNG
# } 
# 68 facial Landmarks [x,y] { 
33,218
56,289
85,365
93,434
95,482
112,530
172,560
242,576
317,571
388,551
445,523
480,479
501,431
507,372
502,318
502,255
499,186
69,159
97,124
143,109
193,112
236,128
317,122
356,109
399,103
438,116
464,144
289,185
289,219
289,250
291,285
231,337
260,348
299,349
329,331
347,320
117,190
145,170
177,169
204,186
179,199
147,202
334,185
366,162
397,161
431,181
399,184
366,187
191,422
251,400
309,384
330,391
355,377
379,379
406,385
380,410
361,423
335,436
292,441
246,435
217,421
294,411
332,405
361,395
389,389
360,393
332,402
297,410
# } 
# Left iris [x,y,r] { 
381
175
21
# } 
# Right iris [x,y,r] { 
161
185
21
# } 
# Face bounding Box [top(x), left(y), width, height] { 
39
39
493
493
# }