# File name { 
7605949_post_smile.PNG
# } 
# 68 facial Landmarks [x,y] { 
27,205
35,273
52,336
66,395
79,446
106,496
155,525
219,548
284,550
347,536
400,507
439,467
476,425
486,369
482,314
483,257
483,192
67,138
93,97
139,81
191,85
233,98
309,90
351,80
394,80
431,99
451,135
271,145
274,182
278,218
282,256
232,308
258,309
284,308
308,303
328,297
107,164
135,146
168,145
199,163
172,173
131,175
319,165
354,139
385,138
413,161
388,168
353,167
171,384
242,376
277,370
303,366
323,357
350,355
372,356
350,376
327,391
300,396
271,397
231,393
202,384
267,385
296,382
321,374
358,362
322,373
299,378
270,380
# } 
# Left iris [x,y,r] { 
370
155
21
# } 
# Right iris [x,y,r] { 
152
160
21
# } 
# Face bounding Box [top(x), left(y), width, height] { 
39
39
485
485
# }