# File name { 
7605949_pre_repose.PNG
# } 
# 68 facial Landmarks [x,y] { 
6,263
25,325
52,390
60,450
63,500
74,549
124,582
186,601
255,604
321,591
384,568
431,530
459,483
473,425
475,367
478,309
475,243
37,195
63,161
107,147
156,147
199,163
278,154
319,140
364,137
405,152
430,181
241,207
243,243
245,279
247,317
196,375
218,376
242,379
269,376
292,375
81,222
106,200
142,202
181,226
141,234
105,235
300,220
337,197
367,197
391,218
368,225
336,225
147,466
196,447
238,434
260,439
280,433
307,442
338,455
310,467
284,470
255,477
223,474
189,472
174,463
230,454
256,454
280,452
320,454
279,452
256,454
230,454
# } 
# Left iris [x,y,r] { 
352
213
21
# } 
# Right iris [x,y,r] { 
125
217
21
# } 
# Face bounding Box [top(x), left(y), width, height] { 
-71
95
547
492
# }