# File name { 
7605759_pre_smile.PNG
# } 
# 68 facial Landmarks [x,y] { 
123,478
123,624
139,751
170,869
231,968
318,1046
449,1106
569,1151
720,1171
858,1129
971,1069
1075,966
1133,859
1159,760
1169,640
1165,509
1142,365
242,322
304,275
390,257
483,273
560,311
728,255
801,236
886,220
951,241
1010,269
641,385
645,452
646,517
647,583
518,653
569,666
652,670
721,653
769,629
301,464
373,406
433,401
496,437
438,454
375,465
755,421
815,373
875,365
956,397
889,407
817,416
472,838
524,764
619,726
667,737
701,726
816,742
891,778
856,829
790,858
698,875
612,873
531,857
510,820
589,793
701,777
801,774
863,784
798,808
705,829
587,794
# } 
# Left iris [x,y,r] { 
851
395
38
# } 
# Right iris [x,y,r] { 
407
434
38
# } 
# Face bounding Box [top(x), left(y), width, height] { 
77
77
1001
1001
# }