# File name { 
7605949_post_repose.PNG
# } 
# 68 facial Landmarks [x,y] { 
42,254
55,317
79,376
90,436
102,488
123,532
170,562
224,578
283,581
341,572
394,550
443,517
474,477
492,426
490,365
488,306
486,241
83,187
105,151
144,134
190,135
231,146
312,136
353,125
395,126
430,145
449,179
271,190
273,224
274,258
276,295
236,352
257,350
277,348
298,347
316,348
119,216
145,193
175,189
201,207
178,217
146,220
327,207
357,185
386,183
414,205
389,213
357,212
199,433
234,420
267,410
288,414
307,406
334,413
359,429
333,434
312,440
288,443
262,444
231,442
217,431
261,429
285,428
306,423
344,426
307,423
286,426
261,427
# } 
# Left iris [x,y,r] { 
374
199
21
# } 
# Right iris [x,y,r] { 
161
203
21
# } 
# Face bounding Box [top(x), left(y), width, height] { 
39
93
484
485
# }