# File name { 
7605759_post_smile.PNG
# } 
# 68 facial Landmarks [x,y] { 
47,273
39,328
43,381
62,430
95,476
133,511
185,534
238,550
296,556
356,545
407,522
444,484
477,443
493,395
498,343
502,286
491,232
92,229
114,203
149,187
190,188
226,201
306,181
341,164
379,157
415,166
442,189
268,234
270,264
273,293
275,324
231,360
254,362
277,362
302,356
323,350
132,265
157,240
186,237
216,252
188,261
162,268
321,246
352,221
379,217
412,232
384,241
352,245
186,423
215,401
248,391
267,397
290,389
332,392
382,395
353,424
320,435
289,447
252,452
217,442
204,421
257,415
283,413
309,407
368,400
309,408
282,413
256,416
# } 
# Left iris [x,y,r] { 
367
233
19
# } 
# Right iris [x,y,r] { 
173
249
19
# } 
# Face bounding Box [top(x), left(y), width, height] { 
76
123
407
407
# }