# File name { 
7613493_pre_repose.png
# } 
# 68 facial Landmarks [x,y] { 
58,585
73,741
102,896
132,1039
183,1174
266,1293
368,1396
485,1482
615,1508
745,1477
852,1387
954,1287
1038,1167
1092,1033
1116,884
1137,729
1134,597
122,549
194,469
307,449
423,455
534,482
656,475
771,444
888,435
1001,452
1069,529
603,569
605,681
606,790
609,903
479,960
543,978
608,991
675,974
732,955
244,588
304,544
385,543
449,595
387,612
304,617
743,592
808,537
885,541
942,581
892,609
812,608
399,1162
478,1140
553,1116
602,1132
665,1116
736,1138
802,1159
739,1216
671,1247
604,1256
548,1252
474,1224
433,1164
551,1169
602,1174
666,1165
771,1161
666,1168
602,1177
551,1172
# } 
# Left iris [x,y,r] { 
841
564
48
# } 
# Right iris [x,y,r] { 
345
573
48
# } 
# Face bounding Box [top(x), left(y), width, height] { 
-171
228
1313
1182
# }