# File name { 
7613493_pre_smile.png
# } 
# 68 facial Landmarks [x,y] { 
18,512
25,648
56,803
92,949
147,1082
222,1214
351,1311
479,1395
621,1408
749,1368
845,1260
946,1143
1012,1014
1057,880
1075,739
1085,592
1077,456
84,460
149,368
265,335
386,336
507,358
621,344
739,318
850,310
959,326
1019,403
575,441
581,554
589,667
597,785
459,832
526,848
595,864
660,839
718,812
213,482
272,440
351,436
417,480
355,497
276,503
710,465
774,416
845,420
898,455
850,476
778,476
355,1027
451,1001
545,978
604,986
674,967
757,973
824,986
766,1090
701,1168
617,1165
551,1162
455,1120
398,1030
545,1022
605,1020
675,1006
786,996
684,1063
612,1076
551,1071
# } 
# Left iris [x,y,r] { 
801
442
48
# } 
# Right iris [x,y,r] { 
309
466
48
# } 
# Face bounding Box [top(x), left(y), width, height] { 
-167
93
1283
1153
# }