# File name { 
7613493_post_repose.png
# } 
# 68 facial Landmarks [x,y] { 
138,487
149,631
169,768
194,904
240,1034
315,1152
413,1246
524,1321
655,1342
787,1319
897,1239
994,1143
1084,1043
1137,897
1149,768
1164,628
1172,487
212,430
280,358
384,336
491,339
598,361
720,359
827,338
932,329
1033,351
1097,423
666,454
668,552
670,649
671,752
554,817
609,836
665,851
722,839
773,821
322,479
385,435
457,432
519,482
455,500
389,502
789,479
851,430
923,428
975,479
922,500
853,498
465,1025
529,994
599,974
652,991
703,978
766,1001
827,1033
763,1083
701,1104
646,1107
590,1102
523,1077
494,1025
597,1021
651,1030
703,1025
795,1034
700,1025
647,1029
594,1024
# } 
# Left iris [x,y,r] { 
885
457
44
# } 
# Right iris [x,y,r] { 
424
460
44
# } 
# Face bounding Box [top(x), left(y), width, height] { 
187
194
1003
996
# }