# File name { 
7621323_pre_smile.PNG
# } 
# 68 facial Landmarks [x,y] { 
277,407
240,554
222,694
236,847
294,980
371,1091
480,1180
605,1247
744,1271
880,1238
1007,1187
1094,1102
1153,997
1180,886
1203,770
1212,647
1222,524
407,359
484,317
582,310
672,327
759,354
902,375
978,362
1059,367
1132,395
1184,446
822,443
822,520
822,596
824,675
709,785
763,795
821,795
880,800
929,805
506,444
573,412
641,414
685,478
634,478
557,468
907,514
970,462
1031,466
1086,524
1030,522
971,523
585,963
705,919
803,910
847,928
877,911
919,924
954,954
890,991
856,1014
798,1009
738,1003
677,990
668,962
771,961
813,962
854,958
922,955
853,957
816,961
771,960
# } 
# Left iris [x,y,r] { 
1002
493
40
# } 
# Right iris [x,y,r] { 
601
443
40
# } 
# Face bounding Box [top(x), left(y), width, height] { 
276
174
937
937
# }