# File name { 
7625560_post_smile.PNG
# } 
# 68 facial Landmarks [x,y] { 
23,261
28,312
31,358
32,411
46,456
71,496
109,529
157,552
216,562
275,557
333,541
381,508
416,470
436,425
455,378
451,324
446,270
48,173
68,148
100,140
135,147
163,164
287,175
321,164
356,162
388,171
411,190
228,234
226,270
224,304
221,339
175,366
196,372
219,378
245,377
267,376
90,239
113,224
141,224
168,241
143,247
114,248
286,245
312,225
344,224
364,245
340,249
312,251
124,419
158,413
191,414
207,422
229,420
272,430
323,433
282,450
244,454
212,453
183,447
153,436
143,421
185,432
212,440
242,441
302,438
241,436
211,435
185,430
# } 
# Left iris [x,y,r] { 
328
234
19
# } 
# Right iris [x,y,r] { 
129
237
19
# } 
# Face bounding Box [top(x), left(y), width, height] { 
-69
92
530
477
# }