# File name { 
7625560_pre_repose.PNG
# } 
# 68 facial Landmarks [x,y] { 
1,322
1,393
2,458
11,518
27,577
56,631
107,673
174,703
249,717
321,705
387,679
434,635
463,582
480,519
490,466
495,405
494,335
37,230
68,192
113,185
158,202
197,223
320,236
365,221
409,220
448,236
472,265
262,307
261,351
260,395
258,439
197,474
224,480
254,485
282,484
308,481
95,311
121,291
159,296
200,319
158,330
119,328
314,325
359,297
397,295
423,319
394,333
363,335
140,549
182,537
220,530
242,540
270,533
313,546
355,576
321,586
280,595
243,595
208,588
173,573
166,551
214,554
243,560
276,559
334,570
277,561
245,561
217,555
# } 
# Left iris [x,y,r] { 
378
311
24
# } 
# Right iris [x,y,r] { 
142
309
24
# } 
# Face bounding Box [top(x), left(y), width, height] { 
-71
151
548
491
# }