# File name { 
7625560_pre_smile.PNG
# } 
# 68 facial Landmarks [x,y] { 
10,285
11,348
8,411
11,469
30,528
63,572
108,609
165,648
239,664
312,653
379,630
423,583
452,532
466,478
475,423
488,365
488,295
49,219
76,174
122,174
167,186
204,208
317,218
358,204
402,201
441,218
464,247
262,276
261,319
259,362
257,405
193,427
222,435
253,443
283,441
309,436
92,273
127,248
164,249
196,278
163,283
129,287
326,284
356,258
398,258
425,285
392,296
361,296
134,489
173,481
211,479
233,489
262,486
304,493
352,528
318,534
275,539
231,539
193,530
161,512
158,490
208,498
239,505
273,509
330,516
273,510
238,509
206,503
# } 
# Left iris [x,y,r] { 
378
273
24
# } 
# Right iris [x,y,r] { 
145
266
24
# } 
# Face bounding Box [top(x), left(y), width, height] { 
-70
149
541
485
# }