# File name { 
7641470_post_repose.PNG
# } 
# 68 facial Landmarks [x,y] { 
25,154
20,202
14,247
21,299
43,335
66,370
101,398
145,421
195,431
246,420
292,397
329,367
344,323
361,285
370,245
366,202
358,152
50,109
67,84
94,70
127,72
154,84
227,72
257,60
288,60
314,73
330,93
189,133
189,154
190,174
191,198
152,240
171,240
191,241
212,241
231,240
82,144
100,127
125,125
145,139
124,149
98,150
231,138
250,117
274,116
298,133
275,140
253,141
121,309
140,294
156,279
176,288
195,277
227,292
260,317
246,334
225,342
192,348
161,342
138,331
135,309
167,311
188,314
210,313
246,318
211,315
187,314
166,312
# } 
# Left iris [x,y,r] { 
263
126
14
# } 
# Right iris [x,y,r] { 
113
135
14
# } 
# Face bounding Box [top(x), left(y), width, height] { 
-53
29
407
366
# }