# File name { 
7643783_post_smile.PNG
# } 
# 68 facial Landmarks [x,y] { 
23,171
15,220
20,265
33,309
49,349
74,382
106,410
146,428
193,433
240,428
282,410
315,384
342,350
357,310
364,268
365,221
365,173
51,133
70,102
105,92
140,101
169,116
232,108
262,97
296,95
325,109
339,138
196,149
194,176
193,203
191,232
154,256
172,259
190,261
213,260
233,257
92,154
117,135
139,138
157,149
139,158
117,159
244,151
265,139
288,139
307,154
286,160
265,161
124,311
155,300
179,297
196,299
210,298
233,300
263,309
241,323
218,331
191,333
166,333
140,326
137,309
171,310
192,311
214,311
248,311
214,311
191,313
172,309
# } 
# Left iris [x,y,r] { 
276
149
14
# } 
# Right iris [x,y,r] { 
127
147
14
# } 
# Face bounding Box [top(x), left(y), width, height] { 
29
69
359
360
# }