# File name { 
7643783_pre_smile.PNG
# } 
# 68 facial Landmarks [x,y] { 
22,194
26,243
35,287
44,331
57,371
77,410
109,442
150,464
200,469
249,458
292,435
324,400
349,360
361,315
363,270
364,226
361,175
36,155
52,132
84,124
117,130
145,143
210,135
239,122
272,115
305,122
327,143
178,172
178,203
178,233
178,265
148,292
165,293
182,293
203,290
221,286
75,182
99,163
121,164
138,175
120,183
100,187
231,172
255,160
277,159
296,173
276,179
252,180
136,368
156,348
183,339
202,341
216,336
233,337
257,344
242,359
223,366
196,372
175,373
151,374
151,361
171,353
191,353
212,350
245,347
214,352
193,353
174,354
# } 
# Left iris [x,y,r] { 
265
170
14
# } 
# Right iris [x,y,r] { 
110
173
14
# } 
# Face bounding Box [top(x), left(y), width, height] { 
-52
70
403
364
# }