# File name { 
7643783_pre_repose.PNG
# } 
# 68 facial Landmarks [x,y] { 
21,236
26,280
32,325
42,360
57,393
74,424
96,453
132,471
181,476
231,468
274,450
303,420
327,384
340,350
343,315
342,269
340,221
35,189
50,163
82,153
113,157
139,167
195,159
225,150
259,146
291,156
310,178
169,195
168,224
167,251
167,281
138,313
154,313
169,312
189,311
206,310
70,204
91,186
110,186
129,198
111,207
90,207
218,196
238,182
262,182
282,196
262,202
240,204
121,383
137,362
159,353
175,356
190,351
213,355
236,367
218,380
198,386
174,389
161,389
144,389
136,377
155,369
173,368
193,366
223,366
194,367
175,369
157,370
# } 
# Left iris [x,y,r] { 
250
192
14
# } 
# Right iris [x,y,r] { 
101
196
14
# } 
# Face bounding Box [top(x), left(y), width, height] { 
-52
110
400
358
# }