# File name { 
7643505_post_repose.PNG
# } 
# 68 facial Landmarks [x,y] { 
75,238
75,292
83,343
93,391
108,435
127,476
159,507
201,531
254,539
305,531
349,512
385,482
412,444
433,401
451,352
461,301
456,249
96,200
119,170
154,159
192,165
224,177
305,164
342,158
378,159
410,175
429,204
264,218
263,251
262,283
262,316
224,345
242,350
262,353
280,351
296,349
139,227
158,211
185,207
216,228
187,235
158,238
309,232
340,217
368,220
385,236
364,244
339,242
189,409
218,399
239,395
256,402
274,397
302,407
326,420
306,428
280,431
254,431
228,430
204,426
206,409
234,408
256,411
277,413
313,419
277,416
255,416
233,414
# } 
# Left iris [x,y,r] { 
353
227
16
# } 
# Right iris [x,y,r] { 
172
220
16
# } 
# Face bounding Box [top(x), left(y), width, height] { 
31
123
408
408
# }