# File name { 
7645082_post_repose.PNG
# } 
# 68 facial Landmarks [x,y] { 
18,300
16,353
32,413
46,464
69,512
104,548
147,577
197,588
251,587
318,584
375,574
412,547
430,499
443,456
456,409
471,352
473,292
106,179
136,165
166,160
196,168
219,172
321,179
352,174
381,178
412,192
427,214
263,246
263,273
262,299
261,328
216,371
236,372
258,373
282,375
303,376
113,233
139,215
173,215
198,242
173,246
137,242
325,240
349,221
381,222
401,248
380,252
346,252
166,453
196,442
224,435
241,440
262,437
301,449
335,467
308,467
276,462
248,460
220,459
190,459
181,452
221,451
246,453
272,456
323,461
274,455
247,452
222,451
# } 
# Left iris [x,y,r] { 
365
236
22
# } 
# Right iris [x,y,r] { 
156
228
22
# } 
# Face bounding Box [top(x), left(y), width, height] { 
31
169
410
410
# }