# File name { 
7671616_pre_smile.PNG
# } 
# 68 facial Landmarks [x,y] { 
3,248
5,311
20,372
31,430
43,478
72,523
122,559
185,581
255,591
324,580
386,557
435,520
467,473
481,419
491,365
497,310
497,243
44,176
73,144
119,134
153,144
187,159
331,159
363,145
393,140
436,147
464,174
258,213
259,246
260,279
261,314
203,360
230,362
259,364
289,360
315,356
92,227
116,210
150,210
177,231
151,240
119,240
321,226
359,205
393,205
421,222
395,233
360,232
156,441
191,418
231,406
254,410
278,404
319,414
355,427
318,443
282,453
252,458
222,457
187,453
180,438
231,431
257,431
285,428
334,430
282,427
255,432
229,431
# } 
# Left iris [x,y,r] { 
375
218
20
# } 
# Right iris [x,y,r] { 
134
225
20
# } 
# Face bounding Box [top(x), left(y), width, height] { 
-71
95
550
496
# }