# File name { 
7673139_pre_repose.png
# } 
# 68 facial Landmarks [x,y] { 
151,307
143,441
156,579
172,714
202,846
263,968
355,1062
467,1127
606,1147
755,1143
892,1089
1019,1013
1113,907
1170,784
1209,653
1246,519
1255,383
218,254
296,202
393,194
496,211
593,246
766,256
877,237
987,226
1096,244
1180,305
673,324
662,406
652,489
639,577
536,647
582,662
631,676
690,673
742,669
320,330
395,284
463,284
527,352
460,360
397,358
831,360
915,314
987,319
1051,375
977,392
911,388
416,821
487,779
556,757
610,776
670,767
751,805
843,863
743,888
658,884
598,879
541,870
477,853
446,822
553,811
609,822
669,822
809,857
664,823
604,822
549,811
# } 
# Left iris [x,y,r] { 
953
346
44
# } 
# Right iris [x,y,r] { 
428
317
44
# } 
# Face bounding Box [top(x), left(y), width, height] { 
85
85
1107
1107
# }