# File name { 
7679289_post_smile.PNG
# } 
# 68 facial Landmarks [x,y] { 
17,216
14,276
28,328
52,380
70,423
97,469
144,502
201,520
259,528
318,518
376,498
425,460
454,418
474,371
487,319
503,266
503,202
58,129
81,107
116,95
155,100
178,122
319,107
349,87
385,83
418,93
446,115
255,170
257,197
260,224
263,252
218,312
241,310
265,308
285,308
304,309
104,180
128,160
161,159
185,182
165,188
131,193
315,171
340,151
373,152
397,175
372,181
340,183
161,386
211,378
247,374
267,380
290,372
323,381
356,381
327,405
293,419
261,424
230,422
191,409
183,389
239,391
262,394
289,390
342,386
287,395
260,398
237,398
# } 
# Left iris [x,y,r] { 
357
165
21
# } 
# Right iris [x,y,r] { 
146
174
21
# } 
# Face bounding Box [top(x), left(y), width, height] { 
-72
40
554
498
# }