# File name { 
7682396_pre_repose.PNG
# } 
# 68 facial Landmarks [x,y] { 
59,287
67,346
80,400
90,450
108,496
135,537
177,567
227,586
281,594
336,582
384,559
422,525
449,483
462,434
470,382
475,325
474,265
82,218
104,185
142,173
182,178
215,192
302,184
338,166
380,159
417,171
440,200
264,242
266,273
268,302
270,333
226,382
248,382
271,381
295,381
317,380
128,269
149,246
178,244
204,261
178,271
150,273
317,257
341,231
369,230
397,248
371,257
342,260
201,466
222,444
251,433
270,439
290,432
321,443
345,463
322,475
296,482
273,484
249,483
224,476
218,462
252,455
273,457
293,455
328,462
294,456
273,458
252,457
# } 
# Left iris [x,y,r] { 
356
243
16
# } 
# Right iris [x,y,r] { 
166
255
16
# } 
# Face bounding Box [top(x), left(y), width, height] { 
39
95
496
496
# }