# File name { 
7688083_pre_smile.PNG
# } 
# 68 facial Landmarks [x,y] { 
34,210
38,269
44,324
48,375
63,423
86,470
128,503
184,518
242,529
306,519
362,496
405,466
436,424
447,374
454,323
457,271
460,213
62,148
85,119
121,110
161,116
193,135
293,146
326,129
365,125
401,135
426,160
241,196
239,231
238,264
236,299
189,327
212,332
237,336
263,331
286,326
101,206
126,186
159,189
181,207
158,212
126,215
304,210
327,186
357,183
378,203
360,214
328,213
156,403
185,379
222,369
244,373
265,367
302,371
334,379
303,398
273,410
246,413
218,415
185,413
174,399
220,393
245,391
271,387
318,382
271,387
246,391
221,392
# } 
# Left iris [x,y,r] { 
343
199
21
# } 
# Right iris [x,y,r] { 
142
201
21
# } 
# Face bounding Box [top(x), left(y), width, height] { 
31
79
409
405
# }