# File name { 
7688083_post_smile.PNG
# } 
# 68 facial Landmarks [x,y] { 
9,194
7,256
14,315
29,374
49,426
82,469
124,512
187,537
258,546
327,532
392,506
443,466
480,416
495,363
504,304
509,244
511,182
48,114
75,85
117,75
162,81
192,103
317,94
354,72
395,68
436,79
465,106
252,155
251,196
251,236
250,276
197,307
223,314
251,318
284,310
312,300
94,170
121,148
155,150
183,171
154,179
121,178
327,168
356,144
388,142
414,160
388,172
354,170
143,373
187,363
230,357
255,360
284,353
330,353
376,349
339,377
298,394
260,400
222,402
176,396
164,375
223,379
257,379
292,372
356,357
292,371
257,376
222,377
# } 
# Left iris [x,y,r] { 
372
157
21
# } 
# Right iris [x,y,r] { 
138
165
21
# } 
# Face bounding Box [top(x), left(y), width, height] { 
-71
39
545
490
# }