# File name { 
7688083_post_repose.PNG
# } 
# 68 facial Landmarks [x,y] { 
7,215
3,282
15,341
32,403
47,453
77,504
128,541
191,565
258,574
322,564
385,541
440,504
470,450
481,398
486,336
501,279
502,215
50,146
78,113
123,100
170,104
208,123
322,123
359,102
403,93
446,105
470,137
261,179
260,216
259,253
259,291
213,335
236,337
260,338
283,335
304,331
99,194
131,175
164,175
194,200
163,203
132,205
331,205
362,178
396,175
424,195
400,206
364,207
167,419
202,400
239,390
260,395
285,389
318,401
349,419
323,432
294,441
264,443
233,442
197,436
188,418
232,414
259,416
286,415
328,416
285,413
258,415
231,414
# } 
# Left iris [x,y,r] { 
380
191
21
# } 
# Right iris [x,y,r] { 
147
189
21
# } 
# Face bounding Box [top(x), left(y), width, height] { 
-72
40
555
499
# }