# File name { 
7688083_pre_repose.PNG
# } 
# 68 facial Landmarks [x,y] { 
42,233
46,291
53,347
56,399
71,449
96,493
137,525
189,547
249,553
308,545
361,521
408,490
440,448
454,397
462,344
469,289
467,226
75,171
97,142
133,132
173,139
205,155
297,153
331,133
370,125
408,133
433,163
249,221
247,257
246,291
244,326
198,345
221,360
244,364
270,358
291,351
114,228
139,213
166,216
194,238
165,240
135,239
302,234
334,211
364,208
386,226
366,236
336,237
164,432
191,407
225,395
248,401
270,393
307,399
337,410
309,429
278,436
251,440
225,442
193,442
182,427
224,421
248,419
274,415
321,412
273,414
249,418
226,419
# } 
# Left iris [x,y,r] { 
351
226
21
# } 
# Right iris [x,y,r] { 
150
229
21
# } 
# Face bounding Box [top(x), left(y), width, height] { 
32
125
415
416
# }