# File name { 
7694716_post_smile.PNG
# } 
# 68 facial Landmarks [x,y] { 
72,173
69,230
67,286
74,343
94,393
125,442
164,472
214,497
275,505
335,497
389,475
430,442
457,397
477,347
483,291
484,231
481,168
108,143
132,117
164,104
200,101
238,107
306,102
348,94
385,105
407,116
430,143
268,146
267,176
266,205
266,236
225,267
247,268
269,271
296,268
318,267
146,159
170,139
195,138
216,158
196,166
168,167
324,160
344,141
370,141
391,163
370,165
344,166
178,337
210,316
236,312
266,316
293,315
323,325
354,344
341,361
315,364
279,364
240,362
202,355
193,336
231,332
258,334
282,336
341,345
277,350
242,346
220,344
# } 
# Left iris [x,y,r] { 
356
154
16
# } 
# Right iris [x,y,r] { 
183
152
16
# } 
# Face bounding Box [top(x), left(y), width, height] { 
76
31
408
409
# }