# File name { 
7694716_pre_repose.PNG
# } 
# 68 facial Landmarks [x,y] { 
237,366
229,491
235,598
247,705
265,811
330,898
416,966
518,1015
638,1038
758,1018
860,975
948,904
1003,823
1035,725
1057,621
1068,513
1064,389
332,314
383,254
443,238
510,235
565,248
731,249
800,232
868,230
920,254
966,295
652,334
651,385
651,434
649,487
571,593
608,591
646,591
686,594
723,598
394,372
439,326
496,319
553,372
501,383
442,386
748,375
808,337
864,338
912,397
861,405
805,398
494,758
561,718
623,703
654,715
689,704
735,723
796,772
727,778
688,782
645,786
596,777
554,773
533,754
609,739
646,744
679,746
762,761
681,741
648,745
610,740
# } 
# Left iris [x,y,r] { 
836
366
36
# } 
# Right iris [x,y,r] { 
472
352
36
# } 
# Face bounding Box [top(x), left(y), width, height] { 
245
155
834
834
# }