# File name { 
7707944_pre_smile.png
# } 
# 68 facial Landmarks [x,y] { 
217,452
220,567
225,681
254,797
299,911
384,1008
501,1081
635,1129
772,1146
901,1129
1011,1066
1095,974
1148,871
1172,759
1185,650
1188,544
1184,444
364,344
434,303
513,287
596,301
673,331
846,334
917,306
993,298
1065,313
1120,355
761,420
767,479
773,538
781,600
673,685
725,695
776,706
820,693
860,680
407,444
481,401
549,397
617,461
555,464
475,461
867,468
923,408
997,401
1059,442
1003,468
926,467
521,836
611,778
705,759
773,767
840,758
920,771
990,820
926,893
848,924
775,930
704,924
609,898
548,835
705,804
772,808
840,801
962,820
845,881
775,885
705,881
# } 
# Left iris [x,y,r] { 
963
438
46
# } 
# Right iris [x,y,r] { 
517
437
46
# } 
# Face bounding Box [top(x), left(y), width, height] { 
191
79
1021
1021
# }