# File name { 
7707944_post_repose.png
# } 
# 68 facial Landmarks [x,y] { 
139,750
141,856
154,963
171,1070
202,1173
260,1262
346,1333
450,1385
570,1403
689,1389
793,1339
879,1272
923,1181
943,1082
964,977
983,871
975,767
236,646
296,616
365,612
435,627
501,651
649,649
716,621
789,609
860,615
918,650
579,720
578,778
576,837
574,899
495,973
534,985
573,995
615,987
655,978
285,731
348,704
400,707
458,753
404,765
341,755
680,751
739,698
795,694
854,738
796,759
742,761
400,1122
457,1072
521,1053
568,1067
616,1058
684,1082
747,1129
682,1179
615,1193
564,1195
513,1189
453,1168
427,1120
520,1098
568,1103
616,1103
718,1129
614,1131
565,1131
516,1126
# } 
# Left iris [x,y,r] { 
767
728
35
# } 
# Right iris [x,y,r] { 
374
736
35
# } 
# Face bounding Box [top(x), left(y), width, height] { 
161
450
862
862
# }