# File name { 
7709563_pre_repose.PNG
# } 
# 68 facial Landmarks [x,y] { 
24,225
16,273
15,337
23,392
43,447
71,497
123,538
185,564
256,578
324,559
380,531
425,502
470,454
485,398
490,335
491,271
479,205
56,176
80,155
115,144
146,151
176,165
295,140
329,127
364,121
393,129
419,145
241,196
242,229
244,259
245,288
196,333
217,341
248,339
275,339
297,335
87,226
121,191
149,190
175,217
147,228
119,234
303,205
337,178
364,176
394,205
366,217
331,213
171,429
208,395
237,377
258,380
279,376
306,391
334,420
313,432
290,438
259,444
230,443
200,433
195,418
224,408
250,407
274,405
315,415
273,405
250,409
225,408
# } 
# Left iris [x,y,r] { 
352
195
20
# } 
# Right iris [x,y,r] { 
135
209
20
# } 
# Face bounding Box [top(x), left(y), width, height] { 
-72
96
552
496
# }