# File name { 
7709563_post_repose.PNG
# } 
# 68 facial Landmarks [x,y] { 
76,264
62,329
62,386
74,441
90,491
121,531
171,555
221,576
287,591
358,578
417,558
464,536
498,498
518,455
530,406
535,341
530,278
106,189
132,171
170,161
208,170
241,185
347,181
383,169
424,171
464,183
491,203
296,218
295,247
293,276
291,306
249,353
268,354
290,355
313,358
334,361
145,237
177,214
205,214
235,241
205,244
176,245
360,241
392,221
419,222
446,249
417,251
389,247
204,450
239,421
271,409
295,415
313,411
337,417
362,448
343,460
318,466
285,470
258,461
233,455
225,441
262,433
293,435
322,436
344,442
322,435
292,436
262,434
# } 
# Left iris [x,y,r] { 
406
233
18
# } 
# Right iris [x,y,r] { 
191
227
18
# } 
# Face bounding Box [top(x), left(y), width, height] { 
39
95
495
495
# }