# File name { 
7709563_pre_smile.PNG
# } 
# 68 facial Landmarks [x,y] { 
20,194
15,241
17,313
27,384
49,435
86,477
131,510
187,542
256,560
324,541
394,509
435,469
477,429
486,372
489,303
483,231
471,169
53,153
74,133
109,121
144,129
178,136
293,111
328,99
357,93
387,103
413,114
242,167
244,195
246,228
247,266
187,297
210,305
247,310
282,310
302,305
90,196
119,169
152,167
182,191
152,200
119,205
301,181
334,157
363,156
394,181
367,192
332,189
152,378
185,356
217,346
244,354
275,348
306,360
328,382
304,404
273,419
228,427
187,423
164,407
160,378
196,371
229,376
260,378
288,384
260,391
229,398
198,399
# } 
# Left iris [x,y,r] { 
350
173
20
# } 
# Right iris [x,y,r] { 
136
185
20
# } 
# Face bounding Box [top(x), left(y), width, height] { 
-72
96
552
496
# }