# File name { 
7709563_post_smile.PNG
# } 
# 68 facial Landmarks [x,y] { 
34,262
23,330
23,386
33,435
48,480
81,521
131,548
185,575
252,588
328,571
383,544
435,515
469,477
490,429
497,374
500,319
492,259
65,194
85,176
118,167
156,170
188,185
300,180
337,162
373,160
413,172
442,191
248,217
248,249
249,281
250,314
202,346
225,352
252,355
278,353
301,351
102,241
132,216
158,215
192,239
162,244
129,246
313,239
348,221
380,221
406,241
378,245
347,245
154,415
199,400
227,395
249,402
275,398
307,405
341,426
320,434
287,444
251,446
218,442
183,428
175,415
222,412
252,416
283,416
322,421
282,416
251,416
221,415
# } 
# Left iris [x,y,r] { 
365
231
18
# } 
# Right iris [x,y,r] { 
146
229
18
# } 
# Face bounding Box [top(x), left(y), width, height] { 
-71
94
544
489
# }