# File name { 
7710681_pre_smile.PNG
# } 
# 68 facial Landmarks [x,y] { 
52,208
51,272
56,332
64,390
84,442
114,488
159,524
216,547
278,555
338,547
397,525
445,489
475,441
492,383
499,324
503,263
504,199
88,175
115,149
153,138
195,138
235,148
324,139
366,129
406,125
443,134
469,157
280,190
279,225
279,259
278,295
235,334
256,338
278,342
300,339
320,336
132,208
157,183
188,179
221,205
187,214
155,216
341,198
371,171
400,172
433,194
404,209
370,209
195,404
223,392
251,385
270,393
293,385
326,397
353,418
329,425
299,426
274,425
248,423
220,417
213,402
250,401
272,404
295,404
338,414
296,406
274,405
250,403
# } 
# Left iris [x,y,r] { 
385
187
20
# } 
# Right iris [x,y,r] { 
173
198
20
# } 
# Face bounding Box [top(x), left(y), width, height] { 
39
39
491
491
# }