# File name { 
7710681_pre_repose.PNG
# } 
# 68 facial Landmarks [x,y] { 
7,205
4,267
7,323
16,380
35,432
68,473
113,507
170,529
232,538
292,530
349,510
396,476
425,430
442,376
451,320
456,260
454,199
44,157
69,129
108,117
149,117
186,128
276,122
316,112
357,111
394,123
420,149
232,174
231,205
231,237
231,269
191,314
210,316
230,317
251,316
270,314
84,191
112,166
143,168
176,188
142,198
112,199
293,186
320,157
354,157
382,182
355,193
323,192
151,389
178,372
204,362
222,369
244,362
278,375
306,399
279,404
250,404
226,403
201,402
176,398
168,385
203,379
225,381
248,382
290,394
247,385
225,384
203,382
# } 
# Left iris [x,y,r] { 
339
174
20
# } 
# Right iris [x,y,r] { 
129
180
20
# } 
# Face bounding Box [top(x), left(y), width, height] { 
31
79
411
408
# }