# File name { 
7710681_post_repose.PNG
# } 
# 68 facial Landmarks [x,y] { 
133,301
136,344
143,385
148,422
157,455
172,485
197,511
231,530
275,541
318,528
354,509
381,483
400,451
414,416
421,378
426,336
424,292
151,260
170,248
196,246
222,251
246,262
300,254
320,247
348,241
373,244
394,257
270,289
269,314
267,340
266,366
236,380
250,387
267,394
287,391
304,388
168,293
188,279
210,278
236,297
214,302
186,303
307,297
333,279
356,279
376,295
355,302
334,302
212,446
227,428
245,426
257,430
273,427
303,435
331,450
312,461
286,466
262,467
240,465
222,460
225,445
244,435
262,438
281,442
318,449
280,449
260,449
243,447
# } 
# Left iris [x,y,r] { 
344
288
14
# } 
# Right iris [x,y,r] { 
198
289
14
# } 
# Face bounding Box [top(x), left(y), width, height] { 
100
216
341
342
# }