# File name { 
7714355_post_smile.PNG
# } 
# 68 facial Landmarks [x,y] { 
47,187
52,257
46,321
50,385
80,438
114,476
156,511
203,536
259,549
317,543
371,520
413,485
437,440
455,385
472,329
498,254
503,207
89,153
113,130
148,123
185,126
222,138
313,130
349,118
386,113
424,119
452,144
265,179
264,222
263,264
262,307
210,318
234,332
261,341
289,335
312,326
129,189
155,169
184,168
211,189
186,196
156,198
320,190
351,166
384,168
410,184
382,201
352,200
176,382
203,379
228,381
245,387
268,384
305,390
338,402
310,420
276,428
247,430
219,422
194,406
191,385
225,391
248,398
274,399
322,403
274,405
247,406
222,402
# } 
# Left iris [x,y,r] { 
368
178
21
# } 
# Right iris [x,y,r] { 
171
182
21
# } 
# Face bounding Box [top(x), left(y), width, height] { 
39
39
493
493
# }