# File name { 
7716979_pre_repose.PNG
# } 
# 68 facial Landmarks [x,y] { 
157,329
153,447
183,580
253,672
329,761
420,826
519,876
611,901
722,908
832,880
933,836
1017,765
1084,679
1115,588
1116,470
1113,361
1099,233
267,223
377,171
447,161
499,172
564,173
740,136
800,109
870,94
945,92
1008,117
655,236
660,299
664,363
668,430
600,517
635,518
675,518
719,504
758,493
346,299
407,265
464,262
532,294
465,310
414,312
756,287
809,248
874,248
929,288
873,300
811,299
549,674
616,631
681,601
723,606
766,599
808,610
861,639
826,672
783,683
729,687
676,685
627,677
597,663
668,650
715,645
763,632
835,630
763,637
716,644
669,648
# } 
# Left iris [x,y,r] { 
843
274
33
# } 
# Right iris [x,y,r] { 
438
283
33
# } 
# Face bounding Box [top(x), left(y), width, height] { 
174
-132
930
1032
# }