# File name { 
7716979_post_smile.PNG
# } 
# 68 facial Landmarks [x,y] { 
66,425
45,553
50,672
80,780
139,880
225,955
333,1009
445,1051
567,1063
686,1040
792,990
887,928
978,853
1014,747
1011,639
1002,528
1005,408
165,372
223,298
312,264
405,270
484,296
628,285
708,255
798,244
877,281
923,354
557,375
559,440
563,502
567,570
463,642
512,649
564,652
616,640
661,627
274,407
319,376
376,376
433,408
367,425
320,423
668,403
703,375
758,377
812,418
754,423
704,421
375,768
460,744
534,726
582,735
629,721
687,735
738,759
695,789
640,811
578,815
514,813
441,794
416,768
523,769
577,767
629,760
709,756
631,758
576,763
519,763
# } 
# Left iris [x,y,r] { 
733
400
33
# } 
# Right iris [x,y,r] { 
347
396
33
# } 
# Face bounding Box [top(x), left(y), width, height] { 
65
164
850
845
# }