# File name { 
7716979_pre_smile.PNG
# } 
# 68 facial Landmarks [x,y] { 
162,315
150,443
160,561
195,666
257,764
342,832
459,884
569,917
712,938
833,899
943,838
1042,768
1107,686
1131,569
1117,458
1110,354
1092,234
254,246
312,206
397,177
485,177
570,192
712,173
786,146
862,133
937,145
996,177
643,258
652,314
663,370
677,429
567,509
615,533
688,527
731,502
770,488
360,326
391,284
448,283
515,312
449,333
393,334
743,295
792,263
851,261
915,299
851,309
793,305
558,687
642,620
712,597
751,601
786,588
829,596
867,626
858,656
818,681
763,687
692,687
636,689
610,667
697,643
755,625
808,613
840,630
807,635
768,633
709,632
# } 
# Left iris [x,y,r] { 
822
285
33
# } 
# Right iris [x,y,r] { 
421
308
33
# } 
# Face bounding Box [top(x), left(y), width, height] { 
174
72
930
930
# }