# File name { 
7717011_post_repose.PNG
# } 
# 68 facial Landmarks [x,y] { 
59,308
54,369
57,431
65,474
82,516
112,551
148,581
198,600
257,606
311,598
358,582
396,553
422,518
436,476
444,430
448,379
447,321
100,223
123,195
155,185
188,191
218,213
309,211
340,198
376,195
405,212
421,238
265,269
264,295
262,322
261,348
217,393
238,397
257,394
278,397
298,397
141,272
162,260
190,261
216,276
189,284
162,281
307,280
336,266
360,268
381,286
357,293
332,293
180,476
205,454
234,446
250,453
268,450
300,462
333,473
307,483
276,487
253,489
228,490
200,488
199,473
233,468
254,470
277,470
315,473
273,469
250,472
229,473
# } 
# Left iris [x,y,r] { 
347
281
16
# } 
# Right iris [x,y,r] { 
177
270
16
# } 
# Face bounding Box [top(x), left(y), width, height] { 
32
172
417
417
# }