# File name { 
7717011_post_smile.PNG
# } 
# 68 facial Landmarks [x,y] { 
55,310
52,361
55,424
62,471
81,516
111,550
152,582
201,604
258,613
313,604
360,584
401,555
427,516
444,475
451,427
455,376
451,316
91,229
113,209
146,198
176,202
208,220
306,215
342,203
376,201
403,215
426,243
262,272
261,301
259,330
258,359
216,398
236,400
256,402
279,405
301,404
131,277
162,257
185,258
214,283
186,287
160,288
305,286
332,267
358,270
381,289
357,297
331,297
171,465
197,449
224,443
240,449
259,448
297,459
338,470
306,484
268,492
241,495
216,493
187,484
188,464
224,458
245,462
270,464
320,469
269,477
241,480
219,478
# } 
# Left iris [x,y,r] { 
347
281
16
# } 
# Right iris [x,y,r] { 
174
273
16
# } 
# Face bounding Box [top(x), left(y), width, height] { 
32
172
417
417
# }