# File name { 
7717011_pre_smile.PNG
# } 
# 68 facial Landmarks [x,y] { 
19,202
19,271
23,326
38,378
56,428
91,476
137,515
192,545
255,562
319,550
376,523
421,483
446,435
462,380
470,323
479,267
479,207
70,120
94,78
133,63
173,69
206,89
318,93
354,75
392,69
426,83
447,115
263,156
263,191
262,226
262,262
214,301
236,307
257,312
280,314
301,313
114,164
146,143
178,144
210,170
179,178
142,174
319,173
344,149
375,147
407,171
377,182
345,182
155,384
182,362
212,357
228,368
251,366
294,387
325,414
280,433
245,439
209,439
182,435
163,419
165,384
209,369
232,378
258,384
307,412
254,419
220,421
191,417
# } 
# Left iris [x,y,r] { 
360
165
21
# } 
# Right iris [x,y,r] { 
164
164
21
# } 
# Face bounding Box [top(x), left(y), width, height] { 
-71
39
550
496
# }