# File name { 
7717011_pre_repose.PNG
# } 
# 68 facial Landmarks [x,y] { 
15,234
17,303
27,368
41,425
63,472
97,513
144,548
200,575
262,587
323,575
382,548
425,508
450,457
466,403
473,347
480,289
479,228
61,163
82,123
123,107
167,114
203,132
309,122
346,104
388,95
424,111
443,143
256,189
255,221
255,253
255,287
214,338
235,339
255,339
277,340
297,341
112,198
136,177
172,177
206,203
173,213
136,212
309,202
337,173
369,173
400,201
372,208
340,210
171,444
196,412
229,397
246,404
267,401
304,422
332,450
312,464
276,467
246,468
217,465
188,460
190,439
226,413
248,416
273,418
318,448
275,449
246,448
217,446
# } 
# Left iris [x,y,r] { 
354
193
21
# } 
# Right iris [x,y,r] { 
157
196
21
# } 
# Face bounding Box [top(x), left(y), width, height] { 
-71
39
548
493
# }