# File name { 
7725523_post_repose.PNG
# } 
# 68 facial Landmarks [x,y] { 
42,257
42,318
51,374
60,427
79,476
100,519
135,557
189,578
250,585
311,580
365,560
417,529
447,488
462,434
471,379
479,325
478,263
72,195
95,163
134,150
178,155
214,169
302,172
342,162
383,162
420,175
444,203
258,211
258,245
259,278
259,314
215,359
237,359
259,359
281,358
300,356
107,222
135,201
164,201
190,221
163,228
136,231
326,220
355,204
385,203
406,225
383,230
355,229
159,444
197,426
231,412
252,418
274,412
305,424
336,443
310,453
278,455
250,455
220,455
186,454
181,442
225,435
250,435
274,434
318,441
274,435
249,435
223,435
# } 
# Left iris [x,y,r] { 
370
215
19
# } 
# Right iris [x,y,r] { 
149
215
19
# } 
# Face bounding Box [top(x), left(y), width, height] { 
31
124
411
411
# }