# File name { 
7725803_post_repose.PNG
# } 
# 68 facial Landmarks [x,y] { 
57,280
58,346
63,406
70,459
87,506
117,545
164,568
217,581
275,587
335,580
393,564
437,540
466,498
482,455
487,402
490,342
492,276
95,211
117,175
155,159
196,164
230,184
326,180
361,160
403,153
439,170
458,203
274,225
272,260
271,294
269,330
218,363
243,367
269,371
299,368
324,365
131,250
161,222
192,224
220,244
193,257
157,255
331,241
358,218
392,216
419,245
389,251
358,251
183,448
203,427
236,422
255,429
281,424
323,432
358,450
330,461
294,465
264,467
235,464
206,460
197,446
234,439
261,441
290,441
342,448
293,447
264,447
237,446
# } 
# Left iris [x,y,r] { 
375
234
23
# } 
# Right iris [x,y,r] { 
176
241
23
# } 
# Face bounding Box [top(x), left(y), width, height] { 
40
96
496
496
# }