# File name { 
7725803_pre_repose.PNG
# } 
# 68 facial Landmarks [x,y] { 
20,323
21,385
27,448
34,503
49,554
74,604
119,647
180,673
251,686
325,674
391,650
444,612
481,565
503,508
513,447
519,383
513,313
54,255
74,221
113,206
157,211
195,227
322,202
361,184
408,182
447,201
469,237
250,277
247,316
244,353
241,393
183,427
211,433
242,438
279,434
309,430
96,295
123,282
156,279
191,289
158,294
124,297
318,288
360,267
395,269
420,286
395,295
362,293
149,531
174,508
209,501
233,508
261,501
311,512
356,525
319,543
274,548
240,550
210,548
175,544
166,528
210,521
240,524
272,523
334,526
270,523
238,524
209,523
# } 
# Left iris [x,y,r] { 
372
278
21
# } 
# Right iris [x,y,r] { 
143
288
26
# } 
# Face bounding Box [top(x), left(y), width, height] { 
-72
152
552
494
# }