# File name { 
7733786_pre_repose.PNG
# } 
# 68 facial Landmarks [x,y] { 
54,233
56,287
65,344
76,399
95,451
127,496
172,533
223,562
281,575
340,563
392,536
435,498
464,451
479,397
485,343
494,284
495,229
89,192
117,167
159,164
199,175
234,189
332,183
369,169
408,160
448,165
473,191
283,222
283,253
283,284
283,317
241,354
261,358
282,360
303,360
322,359
136,229
163,209
197,209
228,229
195,237
168,238
338,230
370,210
402,210
429,229
403,240
373,241
202,425
230,411
258,402
277,411
299,404
331,420
359,442
336,450
309,450
284,448
258,444
230,437
221,425
257,423
278,427
301,426
342,438
301,428
279,427
257,423
# } 
# Left iris [x,y,r] { 
388
223
21
# } 
# Right iris [x,y,r] { 
181
222
21
# } 
# Face bounding Box [top(x), left(y), width, height] { 
77
125
415
415
# }