# File name { 
7733839_post_smile.png
# } 
# 68 facial Landmarks [x,y] { 
109,406
93,509
98,617
112,726
143,833
200,925
283,994
379,1050
486,1067
597,1057
702,1006
797,944
866,861
906,764
928,660
943,556
940,455
194,331
244,277
322,262
399,275
474,304
590,314
662,291
739,287
812,307
858,361
526,373
522,436
518,501
514,568
442,625
476,639
515,650
555,638
593,622
247,389
299,346
360,349
409,393
354,404
297,401
624,405
677,361
741,363
783,405
732,419
678,416
359,771
414,734
472,717
516,723
560,713
614,726
663,766
616,801
567,816
513,820
469,813
416,802
386,770
471,752
515,753
559,748
640,766
559,776
514,781
469,778
# } 
# Left iris [x,y,r] { 
708
388
39
# } 
# Right iris [x,y,r] { 
331
376
39
# } 
# Face bounding Box [top(x), left(y), width, height] { 
146
151
781
776
# }