# File name { 
7733839_post_repose.png
# } 
# 68 facial Landmarks [x,y] { 
104,528
95,657
106,789
126,896
157,1015
218,1117
313,1188
421,1246
543,1267
670,1260
789,1215
902,1155
984,1067
1035,954
1061,831
1070,697
1069,573
217,418
278,360
364,345
452,360
532,391
659,392
743,367
831,365
916,392
969,452
591,467
586,532
582,596
577,666
487,751
531,766
573,779
619,771
661,761
280,491
341,442
399,446
471,494
398,509
336,515
690,500
766,462
827,468
876,506
827,523
760,518
433,941
520,870
567,836
597,857
625,838
681,874
722,935
673,949
627,955
574,958
520,955
482,946
479,923
510,911
559,918
617,911
682,918
615,911
560,918
510,911
# } 
# Left iris [x,y,r] { 
796
487
39
# } 
# Right iris [x,y,r] { 
369
477
39
# } 
# Face bounding Box [top(x), left(y), width, height] { 
71
279
922
922
# }