# File name { 
7739213_pre_repose.PNG
# } 
# 68 facial Landmarks [x,y] { 
27,260
22,319
29,382
35,437
52,491
84,538
124,577
174,605
235,613
292,604
345,578
382,537
411,488
428,435
440,380
444,324
440,264
62,189
85,158
119,143
160,142
193,156
281,155
316,147
353,151
385,168
404,198
237,210
236,249
236,288
237,328
200,364
219,369
239,371
261,367
278,361
105,221
125,201
159,200
189,221
157,228
127,229
282,225
313,205
346,207
365,224
346,234
314,234
159,463
195,439
225,427
242,432
262,426
291,438
324,463
297,473
271,481
242,484
214,480
187,473
176,462
217,451
242,452
266,449
308,459
266,453
243,455
218,453
# } 
# Left iris [x,y,r] { 
330
216
19
# } 
# Right iris [x,y,r] { 
144
212
19
# } 
# Face bounding Box [top(x), left(y), width, height] { 
-71
95
547
492
# }