# File name { 
7739213_post_smile.PNG
# } 
# 68 facial Landmarks [x,y] { 
52,260
50,332
55,398
70,464
99,519
135,575
181,622
236,658
302,665
369,651
421,609
457,554
488,495
502,433
506,367
500,299
491,227
87,223
108,191
147,176
189,177
226,194
307,187
345,168
386,159
427,169
453,199
271,237
274,284
277,331
280,380
227,400
253,407
282,412
312,401
336,387
130,251
157,227
185,228
223,245
188,251
159,255
319,240
353,214
379,214
410,231
386,241
355,242
177,472
216,463
254,459
283,464
317,453
364,448
404,447
378,488
344,515
300,522
255,521
211,505
193,474
254,480
290,478
331,468
392,455
338,490
297,494
260,491
# } 
# Left iris [x,y,r] { 
368
228
19
# } 
# Right iris [x,y,r] { 
171
241
19
# } 
# Face bounding Box [top(x), left(y), width, height] { 
39
95
494
494
# }