# File name { 
7739213_post_repose.PNG
# } 
# 68 facial Landmarks [x,y] { 
46,240
47,306
50,368
60,427
80,484
108,535
147,577
199,609
261,614
322,605
370,572
407,527
437,476
451,417
457,357
457,296
452,230
81,206
105,173
143,158
183,161
218,174
283,167
320,156
360,155
394,169
415,195
253,216
254,257
255,297
256,339
211,372
233,375
257,378
281,374
302,369
119,228
144,214
175,212
207,227
173,236
143,238
295,223
325,209
355,210
379,222
357,234
328,232
176,460
203,433
238,421
262,426
285,420
319,431
342,449
324,475
292,486
262,488
231,488
198,481
192,458
233,450
260,449
287,448
326,452
289,454
262,456
235,455
# } 
# Left iris [x,y,r] { 
341
216
19
# } 
# Right iris [x,y,r] { 
158
219
19
# } 
# Face bounding Box [top(x), left(y), width, height] { 
31
123
409
409
# }