# File name { 
7739213_pre_smile.PNG
# } 
# 68 facial Landmarks [x,y] { 
32,248
35,319
41,387
49,443
71,503
101,557
145,600
196,634
260,643
320,625
372,589
405,540
439,485
455,429
464,370
469,307
465,245
74,180
99,152
136,138
176,142
207,160
300,167
335,160
368,161
402,166
427,190
255,218
255,264
256,310
256,357
200,375
227,386
256,393
287,383
312,370
115,225
141,203
171,203
200,225
173,232
142,233
302,224
333,202
361,201
389,226
367,231
333,231
161,478
195,463
229,460
252,464
278,455
318,450
364,437
333,474
303,505
258,513
221,515
187,505
179,478
225,473
258,472
292,463
353,448
295,481
260,488
227,487
# } 
# Left iris [x,y,r] { 
349
219
19
# } 
# Right iris [x,y,r] { 
157
217
19
# } 
# Face bounding Box [top(x), left(y), width, height] { 
-71
95
548
493
# }