# File name { 
7741833_pre_repose.PNG
# } 
# 68 facial Landmarks [x,y] { 
186,596
191,725
199,844
221,945
262,1042
319,1127
408,1203
499,1256
623,1280
754,1250
855,1178
934,1098
979,1010
1001,907
1011,796
1006,684
1006,559
252,511
305,473
383,455
463,460
537,480
649,463
720,438
799,424
874,440
921,472
594,558
598,625
601,689
604,759
535,859
572,852
609,845
653,842
690,839
335,603
388,567
439,563
486,611
432,619
387,620
711,595
749,548
793,543
858,579
802,595
753,599
502,1001
558,962
613,929
646,935
672,923
711,947
744,981
720,1024
677,1052
639,1058
599,1050
550,1028
538,998
608,990
644,984
677,980
721,981
673,986
646,989
612,986
# } 
# Left iris [x,y,r] { 
774
573
29
# } 
# Right iris [x,y,r] { 
415
584
29
# } 
# Face bounding Box [top(x), left(y), width, height] { 
160
355
865
865
# }