# File name { 
7741844_pre_smile.PNG
# } 
# 68 facial Landmarks [x,y] { 
143,304
126,442
133,561
173,668
213,771
284,842
374,905
497,939
637,956
773,928
895,870
995,798
1063,729
1097,617
1111,493
1095,380
1079,262
206,184
258,131
338,101
424,103
506,116
656,93
731,73
811,73
883,95
938,145
561,203
561,262
559,314
556,381
472,486
523,496
581,498
640,486
688,473
272,251
324,212
397,208
455,241
397,257
329,262
696,237
754,187
826,187
878,236
827,237
754,243
444,707
519,624
581,587
654,593
692,568
742,575
799,603
777,666
730,703
658,724
589,733
512,724
509,688
584,657
641,646
693,632
759,614
688,626
642,643
586,655
# } 
# Left iris [x,y,r] { 
791
213
41
# } 
# Right iris [x,y,r] { 
360
231
41
# } 
# Face bounding Box [top(x), left(y), width, height] { 
72
-132
933
1034
# }