# File name { 
7741844_post_smile.PNG
# } 
# 68 facial Landmarks [x,y] { 
47,393
29,521
35,644
56,758
104,861
181,937
279,988
382,1025
534,1050
671,1021
781,965
883,895
968,817
996,730
1013,612
999,496
979,376
124,296
164,213
244,169
341,164
425,183
585,153
673,128
765,137
842,184
891,266
498,278
497,332
494,386
494,445
361,547
421,554
501,553
563,549
633,536
222,316
270,276
329,272
397,306
330,321
276,324
627,297
682,259
745,259
798,305
744,308
684,312
312,716
388,688
462,666
526,679
595,663
652,667
726,685
698,743
627,778
538,792
440,781
360,760
360,728
449,731
528,725
610,722
687,693
607,720
528,726
451,731
# } 
# Left iris [x,y,r] { 
716
281
36
# } 
# Right iris [x,y,r] { 
301
297
36
# } 
# Face bounding Box [top(x), left(y), width, height] { 
66
66
863
863
# }