# File name { 
7741833_pre_smile.PNG
# } 
# 68 facial Landmarks [x,y] { 
39,209
36,280
39,346
48,404
72,467
112,519
151,560
202,589
270,601
336,581
388,550
424,506
455,458
475,397
482,340
485,282
488,211
76,191
105,165
149,160
192,169
235,183
303,180
344,165
387,156
430,164
457,191
267,229
268,269
269,308
270,349
223,385
247,387
273,387
298,381
320,374
122,231
150,218
181,218
203,241
179,241
149,240
326,242
350,223
377,221
405,237
380,247
350,245
200,462
231,443
265,429
290,433
310,424
338,430
357,441
342,471
316,486
289,489
261,490
227,483
216,461
261,457
286,456
309,450
344,445
311,454
287,458
262,460
# } 
# Left iris [x,y,r] { 
364
235
16
# } 
# Right iris [x,y,r] { 
165
229
16
# } 
# Face bounding Box [top(x), left(y), width, height] { 
32
127
420
420
# }