# File name { 
7741833_post_smile.PNG
# } 
# 68 facial Landmarks [x,y] { 
189,382
164,554
182,714
211,861
282,998
380,1105
491,1204
620,1290
779,1311
944,1288
1086,1202
1193,1094
1271,974
1313,837
1332,694
1331,548
1322,377
298,306
370,258
474,242
583,255
674,280
863,255
958,215
1068,210
1165,223
1236,264
773,376
774,477
775,576
772,679
682,774
726,778
775,779
830,774
877,769
413,425
486,387
561,383
626,444
559,454
488,456
920,433
975,373
1049,373
1121,402
1051,440
984,440
560,949
659,898
749,857
797,870
842,853
908,886
962,929
914,990
838,1026
773,1029
706,1026
627,1001
627,947
739,939
791,932
844,934
908,932
834,938
787,943
737,948
# } 
# Left iris [x,y,r] { 
1012
402
43
# } 
# Right iris [x,y,r] { 
526
417
43
# } 
# Face bounding Box [top(x), left(y), width, height] { 
95
95
1229
1229
# }