# File name { 
7741833_post_repose.PNG
# } 
# 68 facial Landmarks [x,y] { 
132,375
127,554
141,725
178,869
241,1008
341,1123
471,1212
604,1291
757,1306
902,1260
1036,1177
1144,1071
1222,945
1261,805
1273,652
1268,496
1264,324
229,293
307,243
418,228
525,242
625,262
795,236
889,200
988,192
1088,195
1168,239
712,374
716,472
720,567
724,667
623,775
674,777
731,776
789,768
839,757
365,422
425,373
498,372
566,439
493,441
422,448
856,421
921,363
996,356
1063,396
1001,423
925,425
541,981
627,922
717,882
761,896
803,874
870,902
925,945
880,1015
811,1056
747,1063
685,1060
608,1032
594,978
703,960
757,958
811,950
888,950
807,954
758,963
707,966
# } 
# Left iris [x,y,r] { 
961
388
43
# } 
# Right iris [x,y,r] { 
463
408
43
# } 
# Face bounding Box [top(x), left(y), width, height] { 
92
92
1182
1182
# }