# File name { 
7746859_pre_smile.PNG
# } 
# 68 facial Landmarks [x,y] { 
46,184
48,245
63,300
77,353
97,399
124,447
163,486
203,519
278,541
346,512
384,479
421,440
447,396
460,343
468,289
474,232
472,171
86,131
113,109
148,99
185,102
220,112
302,106
336,93
374,88
409,98
434,120
263,155
265,191
268,225
271,261
236,309
256,309
275,307
294,304
310,300
125,164
152,146
182,145
211,167
180,175
151,177
310,165
341,145
371,144
395,161
373,170
344,170
208,421
241,390
279,370
298,374
316,363
337,366
358,381
356,414
330,436
306,443
264,448
238,441
232,416
276,403
295,399
310,388
345,385
320,395
290,406
266,410
# } 
# Left iris [x,y,r] { 
356
154
16
# } 
# Right iris [x,y,r] { 
166
160
16
# } 
# Face bounding Box [top(x), left(y), width, height] { 
32
32
413
413
# }