# File name { 
7746859_pre_repose.PNG
# } 
# 68 facial Landmarks [x,y] { 
52,211
55,281
72,341
87,398
110,451
142,501
185,541
236,572
296,580
352,564
392,524
425,482
448,431
461,377
469,322
479,262
477,199
94,166
121,143
158,134
198,139
236,148
312,143
347,131
385,125
421,135
445,159
276,188
279,221
282,254
285,289
247,344
267,342
286,340
306,339
323,338
137,197
159,180
193,178
220,200
190,208
160,211
323,199
352,177
382,179
405,196
384,206
355,204
222,452
252,427
284,409
303,415
319,406
342,415
365,422
350,450
327,468
303,475
278,475
249,468
239,448
277,434
300,434
318,429
352,426
320,436
300,441
278,442
# } 
# Left iris [x,y,r] { 
369
191
16
# } 
# Right iris [x,y,r] { 
177
195
16
# } 
# Face bounding Box [top(x), left(y), width, height] { 
77
80
415
412
# }