# File name { 
7747698_post_smile.PNG
# } 
# 68 facial Landmarks [x,y] { 
34,301
34,361
46,415
61,464
81,510
114,550
158,576
203,594
257,603
311,589
356,564
395,532
426,496
446,456
458,405
459,353
458,297
76,240
97,212
129,196
167,194
203,202
296,196
331,183
366,184
398,200
418,231
250,249
251,280
253,311
255,343
208,387
232,391
256,392
278,388
297,385
120,263
141,247
171,245
196,263
170,268
142,270
296,263
327,238
357,240
379,250
360,263
328,268
175,459
214,449
246,442
267,446
286,440
313,445
341,449
319,463
292,472
269,475
245,472
213,467
192,458
239,457
262,457
286,451
331,450
287,458
264,458
242,456
# } 
# Left iris [x,y,r] { 
343
246
16
# } 
# Right iris [x,y,r] { 
159
255
16
# } 
# Face bounding Box [top(x), left(y), width, height] { 
-71
95
547
492
# }