# File name { 
7747698_pre_smile.PNG
# } 
# 68 facial Landmarks [x,y] { 
8,166
12,237
25,298
40,359
65,414
96,469
143,505
204,541
276,539
338,517
386,478
427,436
455,381
468,321
474,260
476,199
474,129
42,115
67,83
107,70
151,71
192,83
278,72
315,56
357,49
399,57
428,85
238,129
241,166
245,201
249,240
211,296
233,292
255,288
278,284
298,279
84,149
114,123
145,120
180,146
145,159
114,163
300,133
327,104
360,101
385,119
359,135
331,137
183,402
224,366
256,349
277,351
293,342
322,348
349,355
329,374
308,389
284,398
256,400
224,396
208,391
252,375
275,371
296,364
332,359
299,364
278,370
254,372
# } 
# Left iris [x,y,r] { 
345
119
21
# } 
# Right iris [x,y,r] { 
132
141
21
# } 
# Face bounding Box [top(x), left(y), width, height] { 
31
31
413
413
# }