# File name { 
7747698_pre_repose.PNG
# } 
# 68 facial Landmarks [x,y] { 
20,255
25,315
38,374
50,430
71,475
100,523
138,559
188,586
258,596
326,579
385,554
420,517
452,467
465,418
470,365
477,310
478,250
61,172
83,141
117,124
159,125
192,144
281,126
330,105
369,97
402,111
425,138
243,201
245,228
246,255
248,284
216,342
234,341
251,340
271,338
287,337
97,206
122,177
150,174
183,203
152,218
121,220
300,194
330,159
359,158
390,183
366,198
332,200
171,457
205,417
236,399
257,404
275,399
302,412
329,435
303,449
283,455
256,460
227,457
196,454
193,445
232,423
255,424
276,422
309,431
277,429
255,431
230,430
# } 
# Left iris [x,y,r] { 
348
180
21
# } 
# Right iris [x,y,r] { 
137
195
21
# } 
# Face bounding Box [top(x), left(y), width, height] { 
-72
96
555
500
# }