# File name { 
7777191_post_smile.PNG
# } 
# 68 facial Landmarks [x,y] { 
70,272
75,338
83,387
111,451
136,500
163,548
201,589
247,620
305,632
359,618
405,586
440,541
465,492
481,440
489,383
502,324
506,261
103,236
131,217
168,208
209,211
246,223
337,210
374,195
413,190
451,202
475,224
294,254
296,289
298,325
299,362
253,395
277,400
303,403
326,397
345,390
145,273
172,256
198,257
225,276
204,283
171,290
346,266
380,240
413,239
439,258
414,266
382,267
194,448
242,450
288,449
309,453
331,446
371,443
407,439
384,480
352,501
314,508
278,510
234,489
214,457
281,466
308,467
338,461
395,446
342,479
312,486
283,483
# } 
# Left iris [x,y,r] { 
397
252
19
# } 
# Right iris [x,y,r] { 
187
272
19
# } 
# Face bounding Box [top(x), left(y), width, height] { 
39
95
495
495
# }