# File name { 
7778681_post_smile.PNG
# } 
# 68 facial Landmarks [x,y] { 
32,307
37,367
46,422
52,484
66,527
96,571
138,612
189,643
253,659
316,649
368,617
405,571
424,518
443,477
456,426
479,369
481,313
66,258
92,229
129,217
170,224
204,240
309,233
346,219
387,216
425,226
453,251
256,284
256,324
255,364
253,405
210,430
232,438
254,445
277,443
297,439
115,282
144,264
180,261
204,285
177,290
145,290
317,285
344,260
378,261
400,286
376,294
346,296
158,496
187,485
218,484
234,492
256,492
295,499
341,499
301,515
262,526
229,531
198,529
175,515
172,497
208,495
235,504
265,507
320,503
258,512
226,515
199,510
# } 
# Left iris [x,y,r] { 
360
273
21
# } 
# Right iris [x,y,r] { 
162
275
21
# } 
# Face bounding Box [top(x), left(y), width, height] { 
-71
150
547
490
# }