# File name { 
7778681_post_repose.PNG
# } 
# 68 facial Landmarks [x,y] { 
34,279
37,349
50,408
67,466
90,516
119,562
163,596
213,617
270,623
325,612
368,584
404,546
422,497
436,449
447,394
464,338
469,269
71,227
94,197
131,183
171,191
208,203
306,200
343,188
380,183
413,195
435,222
258,259
259,297
261,335
263,374
221,416
242,418
264,418
284,416
301,413
123,268
145,246
178,244
208,267
177,278
144,281
303,266
336,239
368,240
390,261
371,276
338,275
193,506
222,493
246,481
263,488
280,479
303,487
330,488
308,499
285,509
264,514
243,516
219,512
209,503
244,500
262,500
281,497
317,490
280,491
261,494
243,497
# } 
# Left iris [x,y,r] { 
355
248
21
# } 
# Right iris [x,y,r] { 
165
258
21
# } 
# Face bounding Box [top(x), left(y), width, height] { 
31
169
410
410
# }