# File name { 
7778681_pre_smile.PNG
# } 
# 68 facial Landmarks [x,y] { 
37,243
39,300
48,355
61,404
80,458
107,493
147,527
194,551
248,564
303,560
349,537
390,502
413,454
422,406
425,349
453,293
454,231
80,190
104,169
137,157
173,157
204,167
293,162
325,150
361,148
394,157
420,182
249,210
248,243
247,274
245,308
208,342
224,348
241,352
262,355
280,355
123,222
147,200
173,201
199,219
174,225
147,227
308,216
329,197
356,195
378,213
357,223
329,224
172,411
188,404
205,403
214,412
231,410
266,425
308,437
274,444
242,445
219,446
199,439
186,426
186,413
205,416
222,423
243,429
288,436
240,431
218,430
202,423
# } 
# Left iris [x,y,r] { 
344
207
16
# } 
# Right iris [x,y,r] { 
161
214
16
# } 
# Face bounding Box [top(x), left(y), width, height] { 
31
124
412
412
# }