# File name { 
7785464_pre_repose.PNG
# } 
# 68 facial Landmarks [x,y] { 
48,186
40,258
45,325
56,391
81,453
113,513
164,554
219,589
286,597
350,586
401,549
439,496
465,435
481,372
485,307
486,248
483,187
101,162
127,148
160,142
195,146
233,154
317,146
351,134
388,127
415,133
442,154
276,193
278,233
279,274
281,316
240,350
260,353
281,354
302,348
318,340
133,206
154,183
187,182
213,203
185,211
155,215
335,201
358,176
392,175
414,191
392,205
362,207
204,439
236,420
251,414
271,419
297,411
323,421
360,441
348,453
328,465
299,467
268,465
234,458
223,436
264,432
290,431
316,426
337,443
311,441
282,442
256,439
# } 
# Left iris [x,y,r] { 
375
187
21
# } 
# Right iris [x,y,r] { 
170
195
21
# } 
# Face bounding Box [top(x), left(y), width, height] { 
40
40
497
497
# }