# File name { 
7785231_pre_smile.png
# } 
# 68 facial Landmarks [x,y] { 
146,567
148,695
173,821
200,947
253,1059
329,1164
426,1249
543,1305
678,1310
800,1273
905,1190
1000,1101
1073,997
1104,879
1112,757
1118,634
1120,505
159,477
235,407
327,374
424,378
526,400
682,285
762,279
864,318
960,345
1017,429
583,496
588,575
594,654
603,736
513,820
564,828
620,834
676,808
730,781
292,535
346,483
416,479
473,524
414,550
356,550
719,525
773,473
843,481
899,518
841,538
781,537
459,1049
525,984
598,939
661,933
718,906
797,904
898,908
825,1020
758,1075
695,1099
630,1110
547,1102
495,1046
604,986
665,973
725,951
862,926
743,1002
684,1024
621,1034
# } 
# Left iris [x,y,r] { 
809
504
42
# } 
# Right iris [x,y,r] { 
385
511
42
# } 
# Face bounding Box [top(x), left(y), width, height] { 
86
216
1116
1108
# }