# File name { 
7785464_post_repose.PNG
# } 
# 68 facial Landmarks [x,y] { 
63,200
63,266
68,325
87,382
111,426
142,473
180,513
229,537
283,546
336,528
379,498
410,447
430,406
445,354
450,301
460,239
460,192
105,163
128,141
159,133
190,133
222,139
309,134
338,122
369,118
400,127
421,152
266,180
267,215
269,251
271,288
235,319
253,322
272,324
293,321
309,315
144,189
165,168
189,168
213,187
188,198
164,198
322,186
343,164
368,163
390,178
368,187
345,190
208,391
232,381
257,378
276,383
296,378
326,380
355,383
337,404
311,412
286,419
260,416
233,406
224,391
258,393
281,395
303,392
343,385
307,394
285,396
262,392
# } 
# Left iris [x,y,r] { 
356
174
16
# } 
# Right iris [x,y,r] { 
177
180
16
# } 
# Face bounding Box [top(x), left(y), width, height] { 
77
80
415
412
# }