# File name { 
7785464_post_smile.PNG
# } 
# 68 facial Landmarks [x,y] { 
63,191
62,246
63,301
71,356
90,400
114,444
152,482
196,519
255,535
321,517
370,478
406,434
430,400
446,352
459,304
466,258
466,205
94,159
114,134
144,121
178,120
209,128
295,118
329,107
365,108
397,121
419,150
249,167
249,202
247,236
246,272
205,294
226,300
249,304
275,297
298,291
131,179
149,160
174,160
196,179
175,184
150,184
300,178
329,158
356,154
374,166
356,181
336,183
176,359
205,354
235,345
257,350
275,342
310,344
355,345
327,367
291,379
257,382
222,381
189,375
188,354
224,355
253,356
283,352
337,348
285,360
254,362
225,360
# } 
# Left iris [x,y,r] { 
344
164
16
# } 
# Right iris [x,y,r] { 
162
171
16
# } 
# Face bounding Box [top(x), left(y), width, height] { 
31
79
412
409
# }