# File name { 
7808286_post_smile.PNG
# } 
# 68 facial Landmarks [x,y] { 
146,277
145,319
147,358
151,396
163,431
183,461
211,486
245,504
286,513
326,506
361,487
389,463
410,434
422,400
428,363
433,326
435,286
176,244
194,231
219,225
244,228
265,238
328,237
351,230
375,231
396,239
410,254
294,271
293,293
292,315
290,337
256,357
271,361
289,364
307,362
323,359
211,277
227,263
246,265
260,280
244,283
226,283
332,280
346,267
361,266
377,278
361,282
346,282
222,403
247,400
272,399
289,404
307,400
333,403
353,410
339,430
316,441
292,444
268,439
242,425
234,407
269,413
289,416
309,414
345,411
312,423
291,424
270,420
# } 
# Left iris [x,y,r] { 
354
273
11
# } 
# Right iris [x,y,r] { 
236
271
11
# } 
# Face bounding Box [top(x), left(y), width, height] { 
145
211
286
283
# }