# File name { 
7808286_pre_smile.PNG
# } 
# 68 facial Landmarks [x,y] { 
53,208
52,270
63,330
75,379
94,430
123,474
170,505
221,526
277,530
331,509
377,480
411,443
435,400
448,352
451,302
452,250
451,196
92,158
113,136
146,126
183,132
213,148
293,139
325,125
360,123
388,133
408,153
254,188
256,220
258,250
261,282
212,318
238,320
264,321
289,313
310,306
126,204
150,182
182,181
201,201
181,211
152,213
300,202
318,177
351,177
374,192
350,208
321,208
175,397
219,376
263,363
289,363
310,355
345,355
368,363
351,399
326,417
298,428
262,427
216,418
197,397
255,382
286,376
314,368
358,368
321,399
290,405
257,405
# } 
# Left iris [x,y,r] { 
336
191
21
# } 
# Right iris [x,y,r] { 
167
195
21
# } 
# Face bounding Box [top(x), left(y), width, height] { 
31
79
409
406
# }