# File name { 
7808286_post_repose.PNG
# } 
# 68 facial Landmarks [x,y] { 
131,269
132,313
135,354
139,390
150,424
169,453
201,473
235,486
274,491
312,485
348,471
376,450
395,423
407,390
407,353
416,314
417,271
161,233
176,217
201,211
226,214
247,224
311,215
334,207
358,208
378,218
391,235
275,256
274,278
273,298
272,320
242,347
256,349
272,350
288,350
302,351
190,264
208,250
225,250
240,264
225,268
208,268
314,266
326,253
342,252
358,265
341,270
326,270
207,397
234,395
255,393
270,398
286,393
311,398
332,413
316,416
295,419
275,419
255,416
232,410
220,399
255,405
271,406
288,405
320,405
291,406
273,406
256,403
# } 
# Left iris [x,y,r] { 
334
260
11
# } 
# Right iris [x,y,r] { 
216
258
11
# } 
# Face bounding Box [top(x), left(y), width, height] { 
99
176
340
339
# }