# File name { 
7808286_pre_repose.PNG
# } 
# 68 facial Landmarks [x,y] { 
82,237
84,302
92,361
105,410
121,458
148,499
194,526
244,544
298,549
351,534
401,510
436,480
458,438
470,390
475,341
481,287
479,226
121,183
141,161
174,151
209,157
239,170
323,163
354,153
389,151
418,162
438,181
281,215
283,245
284,275
286,306
249,352
269,351
289,350
309,349
326,348
157,226
181,206
215,205
235,229
212,238
182,239
324,231
346,204
383,202
403,225
379,231
350,234
217,437
250,416
281,405
303,409
322,401
349,408
366,423
351,438
327,446
304,448
279,449
247,445
235,433
278,422
301,421
321,417
354,421
322,424
300,425
276,427
# } 
# Left iris [x,y,r] { 
364
216
21
# } 
# Right iris [x,y,r] { 
198
219
21
# } 
# Face bounding Box [top(x), left(y), width, height] { 
78
127
419
419
# }