# File name { 
7810512_pre_smile.PNG
# } 
# 68 facial Landmarks [x,y] { 
71,205
71,262
75,313
82,366
92,415
115,460
150,496
197,520
250,536
305,529
357,509
399,477
429,435
447,386
455,334
463,276
463,219
108,164
133,142
170,143
206,153
238,168
315,165
345,151
381,147
408,157
432,176
273,207
271,245
268,282
264,320
223,333
240,341
258,349
281,351
301,350
146,206
173,187
197,186
224,209
197,212
173,212
324,215
348,195
377,193
400,213
377,226
350,226
178,390
196,374
222,371
235,381
252,382
286,399
313,426
289,442
258,448
229,449
204,438
187,417
189,390
215,387
236,396
260,403
293,423
259,422
231,421
208,413
# } 
# Left iris [x,y,r] { 
364
209
16
# } 
# Right iris [x,y,r] { 
186
200
16
# } 
# Face bounding Box [top(x), left(y), width, height] { 
76
124
412
412
# }