# File name { 
7810512_pre_repose.PNG
# } 
# 68 facial Landmarks [x,y] { 
69,206
66,264
71,319
77,368
89,418
110,465
147,494
194,511
245,521
298,516
348,497
389,466
416,423
434,375
444,324
450,269
447,211
99,163
122,142
157,138
191,144
219,159
295,155
325,145
357,142
389,147
414,166
256,198
254,233
253,268
251,303
213,332
230,335
248,338
268,338
286,337
131,201
155,184
180,183
207,207
180,212
153,211
308,205
330,187
355,187
381,207
354,217
329,217
177,399
196,383
220,375
231,382
249,378
281,392
304,414
285,427
260,434
235,435
212,429
191,416
193,397
219,397
237,400
258,402
287,412
257,404
236,403
218,400
# } 
# Left iris [x,y,r] { 
343
200
16
# } 
# Right iris [x,y,r] { 
169
196
16
# } 
# Face bounding Box [top(x), left(y), width, height] { 
32
80
413
411
# }