# File name { 
7810512_post_smile.PNG
# } 
# 68 facial Landmarks [x,y] { 
76,177
69,239
73,296
73,355
85,415
112,463
151,500
200,532
262,550
323,544
382,519
429,484
465,438
489,388
505,330
519,270
509,207
114,140
141,116
180,110
218,119
250,135
334,139
370,128
408,129
443,141
468,165
285,179
282,222
278,263
275,306
226,320
248,330
272,338
301,335
326,329
147,176
177,153
209,154
229,183
207,185
177,187
336,196
370,176
402,175
429,197
401,209
369,208
177,378
207,366
242,366
260,373
284,371
324,379
361,392
331,415
296,427
262,430
229,422
198,404
190,381
233,385
263,391
293,392
340,393
291,400
260,401
230,397
# } 
# Left iris [x,y,r] { 
386
189
21
# } 
# Right iris [x,y,r] { 
193
169
21
# } 
# Face bounding Box [top(x), left(y), width, height] { 
76
79
410
407
# }