# File name { 
7828121_post_smile.png
# } 
# 68 facial Landmarks [x,y] { 
65,238
61,304
64,372
85,437
122,496
153,557
189,607
250,640
322,642
391,629
438,589
483,542
518,487
541,424
547,356
545,289
540,223
92,211
118,173
165,170
214,181
262,197
338,189
382,163
425,147
471,148
499,177
301,231
303,272
306,314
308,358
245,381
275,390
307,399
338,388
366,377
136,250
167,231
198,231
230,250
199,266
167,267
354,235
385,209
418,207
455,228
418,239
389,239
188,466
252,454
277,439
327,434
350,433
379,436
420,442
388,483
349,502
314,509
282,509
238,496
213,472
278,459
309,460
343,454
405,448
346,469
312,475
280,475
# } 
# Left iris [x,y,r] { 
403
223
20
# } 
# Right iris [x,y,r] { 
182
248
20
# } 
# Face bounding Box [top(x), left(y), width, height] { 
36
91
473
470
# }