# File name { 
7828559_pre_smile2.PNG
# } 
# 68 facial Landmarks [x,y] { 
93,494
87,617
91,726
109,838
149,941
218,1031
307,1087
420,1127
540,1125
646,1092
752,1046
833,972
895,884
921,784
931,679
926,573
907,457
167,410
208,353
280,322
360,317
432,336
553,328
627,308
702,307
769,333
816,385
497,435
502,488
508,542
513,600
453,699
485,694
521,687
556,683
589,679
249,473
293,427
347,423
405,461
349,477
299,481
582,445
635,406
688,404
741,456
690,459
635,458
387,867
465,811
519,774
551,780
579,767
618,790
658,823
623,842
588,860
546,869
503,874
454,874
420,850
506,827
544,820
580,816
629,820
582,814
547,822
507,826
# } 
# Left iris [x,y,r] { 
663
432
33
# } 
# Right iris [x,y,r] { 
322
448
33
# } 
# Face bounding Box [top(x), left(y), width, height] { 
63
248
821
821
# }