# File name { 
7836683_post_repose.PNG
# } 
# 68 facial Landmarks [x,y] { 
140,197
139,238
143,277
151,312
161,345
183,371
218,392
250,411
290,418
327,410
359,392
389,372
407,343
421,312
429,276
435,239
436,201
160,157
178,137
205,129
234,133
258,143
321,137
347,128
376,126
400,137
415,158
290,187
290,206
290,224
290,243
260,273
274,274
289,275
304,275
317,275
193,196
211,184
233,181
252,196
232,202
211,201
325,199
342,181
362,183
383,198
363,204
342,205
231,332
250,313
273,300
287,305
302,302
324,313
340,331
327,343
308,350
289,351
270,351
247,346
241,331
272,326
288,327
303,328
330,329
304,326
287,327
272,327
# } 
# Left iris [x,y,r] { 
352
193
14
# } 
# Right iris [x,y,r] { 
223
191
14
# } 
# Face bounding Box [top(x), left(y), width, height] { 
147
118
290
290
# }