# File name { 
7836543_post_smile.PNG
# } 
# 68 facial Landmarks [x,y] { 
86,297
86,339
91,378
98,415
112,448
134,479
167,502
203,516
244,520
284,510
318,492
347,467
364,436
375,401
379,362
380,323
376,280
111,257
125,237
148,227
176,226
201,231
263,225
287,217
313,216
337,223
354,242
235,261
237,283
239,305
241,328
210,358
226,359
243,358
258,354
270,349
133,284
154,265
173,263
195,276
176,285
155,287
271,269
295,253
317,252
333,266
315,273
295,272
179,413
207,398
236,387
250,389
264,383
287,391
301,408
293,429
275,440
254,441
233,438
206,429
192,413
229,408
249,406
267,402
292,409
270,419
252,420
231,418
# } 
# Left iris [x,y,r] { 
306
262
14
# } 
# Right iris [x,y,r] { 
165
276
14
# } 
# Face bounding Box [top(x), left(y), width, height] { 
63
176
340
340
# }