# File name { 
7841222_post_smile.png
# } 
# 68 facial Landmarks [x,y] { 
39,305
46,375
58,446
72,514
97,573
132,624
190,666
252,698
325,704
395,687
455,649
510,607
548,551
570,488
578,422
582,359
586,295
71,210
104,169
155,151
209,153
260,173
367,182
412,165
460,161
504,173
533,209
319,244
323,284
328,322
333,363
272,414
301,416
329,421
356,415
381,409
133,260
165,234
200,235
234,264
200,269
164,269
391,263
420,233
456,231
483,255
457,267
422,267
191,498
242,483
293,471
326,476
356,469
401,474
444,483
404,524
361,542
327,549
292,551
240,545
208,502
293,498
326,499
357,494
427,488
358,513
327,519
293,521
# } 
# Left iris [x,y,r] { 
439
246
21
# } 
# Right iris [x,y,r] { 
179
252
21
# } 
# Face bounding Box [top(x), left(y), width, height] { 
45
109
566
565
# }