# File name { 
7841222_post_repose.png
# } 
# 68 facial Landmarks [x,y] { 
59,339
53,406
55,470
67,532
93,596
133,635
184,682
244,709
307,719
371,708
441,687
488,644
529,597
553,538
563,473
571,410
577,345
87,253
117,218
162,205
211,210
255,230
347,238
394,226
443,226
488,239
518,273
302,298
304,333
305,367
307,404
256,455
281,458
308,462
333,458
358,452
141,314
163,288
199,289
229,312
197,319
167,323
373,320
406,293
440,298
468,324
438,330
406,328
212,557
251,532
289,516
314,521
337,512
373,520
408,537
376,559
342,570
317,576
291,577
253,575
229,556
289,543
314,543
338,538
393,536
340,540
316,544
292,545
# } 
# Left iris [x,y,r] { 
422
310
21
# } 
# Right iris [x,y,r] { 
181
301
21
# } 
# Face bounding Box [top(x), left(y), width, height] { 
88
194
471
471
# }