# File name { 
7841222_pre_smile.png
# } 
# 68 facial Landmarks [x,y] { 
64,286
65,347
66,415
74,484
91,542
125,588
167,626
241,661
316,680
384,671
439,654
479,624
513,574
537,510
552,450
563,398
566,327
96,228
122,185
158,160
202,154
247,172
373,215
418,208
460,211
494,230
526,266
311,240
314,272
318,304
318,346
269,385
287,396
308,403
333,405
358,388
161,274
185,248
216,244
248,268
218,278
186,280
391,287
423,263
454,264
489,297
451,300
421,297
184,467
224,466
259,452
279,460
294,458
334,485
399,524
333,507
308,500
278,500
251,499
220,496
202,480
258,479
278,482
300,483
366,506
297,483
275,482
254,479
# } 
# Left iris [x,y,r] { 
438
279
21
# } 
# Right iris [x,y,r] { 
201
264
21
# } 
# Face bounding Box [top(x), left(y), width, height] { 
36
143
473
473
# }