# File name { 
7842995_post_repose.PNG
# } 
# 68 facial Landmarks [x,y] { 
106,265
105,308
106,349
113,387
130,422
152,450
184,470
221,482
261,487
300,483
338,472
369,451
383,419
396,388
404,347
411,307
414,268
138,218
155,196
183,189
211,195
233,209
292,215
316,205
343,201
368,209
383,227
261,242
260,261
259,280
258,301
230,338
243,336
257,335
272,337
285,340
169,245
184,230
205,232
226,249
205,251
186,253
296,251
318,237
339,238
354,252
339,257
317,255
205,399
221,384
239,376
253,381
269,377
292,387
311,403
293,404
274,402
257,402
240,402
221,401
217,395
240,388
256,389
272,390
300,399
271,391
256,390
240,390
# } 
# Left iris [x,y,r] { 
329
246
14
# } 
# Right iris [x,y,r] { 
194
239
14
# } 
# Face bounding Box [top(x), left(y), width, height] { 
115
179
282
282
# }