# File name { 
7842995_post_smile.PNG
# } 
# 68 facial Landmarks [x,y] { 
92,283
92,325
94,365
98,403
113,436
138,464
172,485
206,503
246,513
286,505
324,488
360,467
384,437
403,404
411,364
414,323
410,279
120,249
138,229
164,221
191,227
213,239
280,240
303,229
330,224
354,229
373,245
244,266
243,288
242,310
241,334
207,351
222,357
239,363
258,362
275,360
149,272
166,257
191,257
204,271
191,277
169,277
289,276
305,260
328,259
343,275
328,280
307,280
172,395
193,387
219,387
237,392
258,391
289,395
319,400
294,416
265,425
239,429
214,427
188,416
180,396
218,395
239,401
261,401
308,402
250,412
228,415
202,411
# } 
# Left iris [x,y,r] { 
317
268
14
# } 
# Right iris [x,y,r] { 
179
265
14
# } 
# Face bounding Box [top(x), left(y), width, height] { 
63
175
338
339
# }