# File name { 
7849417_post_repose.png
# } 
# 68 facial Landmarks [x,y] { 
178,604
175,727
174,845
187,966
219,1084
290,1182
401,1249
528,1299
668,1323
808,1320
931,1282
1031,1213
1087,1112
1118,999
1144,883
1163,763
1171,648
289,485
360,437
447,427
532,453
610,494
797,496
878,461
964,447
1048,464
1110,519
709,574
707,650
706,724
703,802
607,876
648,897
694,915
740,907
781,896
387,592
446,544
512,549
572,616
506,619
450,616
848,632
905,575
970,573
1028,618
968,640
909,641
485,1019
568,1000
633,987
678,1000
722,994
788,1023
869,1073
782,1084
715,1083
670,1078
623,1070
561,1054
513,1025
631,1027
677,1034
721,1038
841,1069
717,1037
673,1034
628,1027
# } 
# Left iris [x,y,r] { 
940
603
41
# } 
# Right iris [x,y,r] { 
480
577
41
# } 
# Face bounding Box [top(x), left(y), width, height] { 
186
302
997
996
# }