# File name { 
7849417_post_smile.png
# } 
# 68 facial Landmarks [x,y] { 
246,595
238,715
244,833
254,958
288,1075
366,1175
479,1247
603,1310
743,1341
879,1336
1009,1294
1109,1219
1174,1119
1211,1005
1233,885
1239,765
1244,642
354,508
419,457
504,447
588,477
665,516
866,504
950,466
1036,445
1124,466
1185,528
770,584
765,662
758,737
750,816
642,865
691,895
745,921
800,910
849,900
443,602
511,564
578,564
634,623
573,624
513,623
913,638
972,583
1039,585
1096,621
1042,643
974,647
509,975
605,979
686,982
736,1000
791,998
880,1018
996,1032
870,1063
791,1075
732,1069
673,1073
596,1041
538,991
682,1019
735,1034
789,1038
964,1038
785,1046
732,1041
678,1027
# } 
# Left iris [x,y,r] { 
1007
610
41
# } 
# Right iris [x,y,r] { 
546
590
41
# } 
# Face bounding Box [top(x), left(y), width, height] { 
211
219
1133
1126
# }