# File name { 
7853223_pre_repose.PNG
# } 
# 68 facial Landmarks [x,y] { 
30,261
32,335
44,402
55,466
75,527
109,581
155,626
210,660
274,683
345,664
394,628
439,586
474,534
496,472
510,411
520,345
521,277
71,212
101,180
145,170
191,178
232,197
338,198
379,184
424,181
464,195
492,225
280,263
278,307
277,350
276,394
232,431
254,434
276,435
300,433
320,429
125,264
150,246
185,247
217,274
182,278
148,277
342,277
377,252
412,253
437,278
413,285
378,284
194,518
224,492
257,479
277,485
297,479
331,494
359,517
338,538
307,548
280,550
251,548
218,540
208,515
251,501
277,502
302,502
344,516
304,519
276,521
248,519
# } 
# Left iris [x,y,r] { 
393
265
21
# } 
# Right iris [x,y,r] { 
172
260
21
# } 
# Face bounding Box [top(x), left(y), width, height] { 
39
151
495
492
# }