# File name { 
7859692_pre_smile.png
# } 
# 68 facial Landmarks [x,y] { 
64,317
70,386
83,452
86,521
102,584
135,644
179,686
236,726
294,740
356,716
411,684
456,638
490,582
511,520
526,456
538,390
546,322
89,275
122,249
168,252
211,266
253,284
336,290
379,275
422,265
468,267
501,292
292,329
291,374
290,419
290,465
243,486
267,497
293,505
320,498
345,488
141,321
169,306
203,310
231,338
200,339
165,337
354,344
382,318
414,319
442,335
417,348
385,348
201,595
243,561
293,546
318,549
348,536
375,538
404,542
374,597
334,618
304,622
278,618
239,598
222,592
278,569
303,572
330,567
388,552
331,587
303,591
278,588
# } 
# Left iris [x,y,r] { 
401
333
21
# } 
# Right iris [x,y,r] { 
187
322
21
# } 
# Face bounding Box [top(x), left(y), width, height] { 
36
194
471
471
# }