# File name { 
7859692_post_smile.png
# } 
# 68 facial Landmarks [x,y] { 
53,167
73,229
83,291
96,351
117,405
152,449
194,488
239,518
301,530
353,505
408,474
450,433
479,379
492,325
496,266
503,208
508,147
87,115
120,95
160,96
197,105
234,118
316,116
353,101
391,94
431,93
465,111
278,154
280,192
282,230
285,269
244,299
266,304
289,308
310,300
329,291
131,162
162,146
193,147
220,169
193,177
160,177
331,168
359,141
390,141
417,159
394,171
361,173
206,383
241,369
277,349
303,347
327,342
356,350
393,350
365,378
334,394
309,401
285,403
247,399
220,383
276,379
300,377
324,370
378,355
329,372
305,378
281,380
# } 
# Left iris [x,y,r] { 
376
156
21
# } 
# Right iris [x,y,r] { 
179
158
21
# } 
# Face bounding Box [top(x), left(y), width, height] { 
36
36
466
466
# }