# File name { 
7859692_pre_repose.png
# } 
# 68 facial Landmarks [x,y] { 
51,347
58,407
78,478
76,538
93,596
117,653
170,687
219,721
272,733
326,723
375,693
425,655
456,601
480,543
496,481
510,419
518,354
78,297
109,270
154,271
197,283
238,301
317,303
358,288
401,280
444,283
475,308
275,347
274,387
273,426
273,467
231,499
252,507
274,511
297,507
319,500
128,343
155,326
189,329
217,358
186,362
151,361
333,362
361,335
394,335
420,354
397,369
364,369
189,604
231,572
262,563
279,569
299,562
331,571
360,586
331,605
301,623
279,626
260,624
230,612
214,594
261,587
280,589
300,586
344,587
299,590
279,593
261,591
# } 
# Left iris [x,y,r] { 
378
351
21
# } 
# Right iris [x,y,r] { 
172
340
21
# } 
# Face bounding Box [top(x), left(y), width, height] { 
36
193
468
468
# }