# File name { 
7864758_pre_smile.png
# } 
# 68 facial Landmarks [x,y] { 
185,492
183,661
195,776
225,880
291,967
390,1025
519,1054
650,1073
769,1071
876,1044
964,993
1039,928
1075,836
1081,730
1065,623
1041,517
1011,418
255,377
297,316
365,281
444,277
519,297
674,287
737,249
807,226
875,235
927,285
612,368
625,419
639,468
655,521
578,630
622,631
669,627
706,611
739,593
348,452
400,393
455,382
509,422
457,446
404,451
710,392
767,345
817,340
876,382
821,398
767,401
541,839
603,764
662,717
701,713
739,696
802,712
858,755
829,803
788,820
744,820
697,820
628,839
574,831
669,766
707,755
744,744
833,755
762,782
724,789
685,795
# } 
# Left iris [x,y,r] { 
794
373
36
# } 
# Right iris [x,y,r] { 
430
415
36
# } 
# Face bounding Box [top(x), left(y), width, height] { 
170
176
913
907
# }