# File name { 
7864758_post_repose.png
# } 
# 68 facial Landmarks [x,y] { 
259,600
267,706
298,819
343,916
385,1006
441,1085
535,1128
624,1144
731,1150
834,1113
928,1050
1017,986
1080,898
1104,803
1104,699
1094,603
1077,497
295,459
331,388
402,351
479,351
549,378
705,356
768,309
840,286
915,299
970,350
637,451
644,516
650,581
657,650
592,744
632,751
676,753
717,735
753,713
390,522
439,464
491,462
542,493
493,518
448,524
757,475
801,423
857,416
904,447
865,474
810,479
536,940
599,894
654,858
692,858
726,842
780,850
848,872
795,901
749,923
713,935
672,943
615,952
562,935
659,898
698,891
733,878
823,876
738,883
703,895
666,902
# } 
# Left iris [x,y,r] { 
837
444
30
# } 
# Right iris [x,y,r] { 
468
489
30
# } 
# Face bounding Box [top(x), left(y), width, height] { 
253
260
862
862
# }