# File name { 
7864758_post_smile.png
# } 
# 68 facial Landmarks [x,y] { 
198,606
205,707
225,798
261,903
292,983
355,1059
446,1109
540,1140
657,1143
777,1118
881,1066
973,990
1033,904
1058,809
1055,722
1037,628
1028,506
245,479
282,409
357,375
433,380
502,409
655,387
716,338
787,311
861,319
911,368
586,470
593,539
599,609
606,683
527,756
572,764
622,770
670,744
712,718
347,533
387,497
437,490
492,521
444,538
392,546
709,484
751,439
802,433
847,460
811,481
761,488
438,895
518,882
588,861
630,860
675,841
741,837
817,840
754,878
696,905
648,919
603,927
531,929
462,897
591,893
635,888
681,871
796,847
687,869
641,885
597,890
# } 
# Left iris [x,y,r] { 
780
459
30
# } 
# Right iris [x,y,r] { 
418
513
30
# } 
# Face bounding Box [top(x), left(y), width, height] { 
75
188
972
965
# }