# File name { 
7864758_pre_repose.png
# } 
# 68 facial Landmarks [x,y] { 
223,518
211,659
218,780
249,876
295,970
378,1029
496,1050
616,1056
732,1049
841,1024
939,995
1029,952
1077,876
1093,778
1090,679
1079,579
1041,452
286,386
333,326
405,291
486,290
561,313
705,298
772,256
845,239
915,257
965,309
643,388
651,439
660,489
670,544
596,646
635,655
679,657
716,646
749,630
379,458
426,398
484,394
542,443
488,459
429,469
740,422
796,367
848,366
893,410
855,426
799,427
549,850
613,788
665,749
697,753
727,741
781,763
843,804
792,815
744,820
712,827
680,833
624,845
578,838
669,791
700,787
730,781
820,798
735,784
705,789
675,793
# } 
# Left iris [x,y,r] { 
827
394
36
# } 
# Right iris [x,y,r] { 
460
422
36
# } 
# Face bounding Box [top(x), left(y), width, height] { 
237
150
806
806
# }