# File name { 
7866439_post_smile.PNG
# } 
# 68 facial Landmarks [x,y] { 
61,172
60,228
63,279
74,329
95,373
120,417
157,452
203,482
266,504
325,488
364,462
404,429
436,388
456,339
465,286
470,230
459,172
87,120
113,92
155,74
195,82
217,96
278,95
307,84
348,80
386,89
416,113
248,150
248,182
248,215
247,248
204,280
224,285
247,289
272,290
293,288
139,160
161,146
185,147
207,170
185,172
160,172
298,178
319,148
344,149
367,167
344,176
320,178
169,334
191,320
221,318
243,325
268,325
308,335
346,356
317,372
283,378
250,376
218,371
190,357
182,336
217,337
244,343
271,345
321,361
275,358
246,357
218,352
# } 
# Left iris [x,y,r] { 
332
164
16
# } 
# Right iris [x,y,r] { 
173
160
16
# } 
# Face bounding Box [top(x), left(y), width, height] { 
31
31
410
410
# }