# File name { 
7866439_post_repose.PNG
# } 
# 68 facial Landmarks [x,y] { 
65,183
64,242
71,294
84,344
101,391
127,431
163,465
210,490
263,510
323,496
371,468
409,438
439,399
458,352
470,300
473,242
467,183
99,123
119,102
154,88
191,88
223,97
289,99
322,96
357,92
390,100
420,124
254,159
254,191
253,222
251,254
214,293
233,294
253,295
278,295
300,294
143,170
160,155
189,157
210,180
190,181
167,181
300,185
324,162
347,162
372,181
348,190
321,191
198,362
216,343
239,334
254,340
273,338
307,349
347,372
314,381
289,388
262,389
238,387
215,377
216,362
239,360
259,362
280,363
324,370
282,364
260,365
240,363
# } 
# Left iris [x,y,r] { 
336
175
16
# } 
# Right iris [x,y,r] { 
179
169
16
# } 
# Face bounding Box [top(x), left(y), width, height] { 
31
79
413
410
# }