# File name { 
7866439_pre_smile.PNG
# } 
# 68 facial Landmarks [x,y] { 
55,226
49,286
57,346
68,400
87,449
112,496
147,538
193,570
248,590
307,578
357,552
397,515
428,470
448,417
459,361
469,301
461,238
88,178
112,149
152,144
189,156
221,175
296,170
332,157
368,156
401,168
429,190
256,234
254,272
252,309
250,346
202,367
224,375
247,383
275,383
299,382
135,227
161,214
184,216
208,244
184,245
158,243
303,259
326,228
349,227
374,247
350,261
325,260
163,421
187,410
219,411
238,420
263,421
306,434
338,457
313,479
275,488
242,487
210,477
183,454
178,426
217,428
241,437
268,441
317,455
269,458
240,457
214,449
# } 
# Left iris [x,y,r] { 
338
243
16
# } 
# Right iris [x,y,r] { 
173
229
16
# } 
# Face bounding Box [top(x), left(y), width, height] { 
31
125
413
412
# }