# File name { 
7888400_pre_repose.PNG
# } 
# 68 facial Landmarks [x,y] { 
67,284
61,350
69,401
86,452
104,495
140,537
177,567
215,592
260,603
306,592
349,570
384,539
412,501
433,459
447,411
456,359
457,302
103,231
126,211
159,204
192,207
223,220
309,234
342,228
375,228
405,237
427,256
267,275
267,311
267,348
267,385
229,405
247,412
266,417
285,413
300,407
139,274
159,255
189,257
217,282
188,285
158,286
315,287
343,272
371,274
392,289
372,297
343,294
199,481
222,460
248,451
264,456
280,452
305,461
323,476
306,498
283,511
260,516
236,514
213,503
212,479
243,468
264,468
284,468
310,476
283,484
262,488
240,487
# } 
# Left iris [x,y,r] { 
358
283
16
# } 
# Right iris [x,y,r] { 
173
270
16
# } 
# Face bounding Box [top(x), left(y), width, height] { 
76
168
408
409
# }