# File name { 
7888400_post_smile.PNG
# } 
# 68 facial Landmarks [x,y] { 
26,244
26,307
34,367
44,423
63,477
96,526
142,565
200,594
264,606
325,592
387,565
435,524
468,474
489,420
500,360
509,300
506,235
64,192
85,167
119,153
160,152
196,164
309,161
347,152
383,156
417,165
448,184
254,218
256,264
257,310
258,356
207,364
231,377
260,388
290,378
314,366
105,221
126,198
159,195
187,219
161,226
133,227
320,224
349,201
381,201
408,225
380,228
348,228
156,432
192,418
236,418
256,424
280,422
323,426
356,434
332,476
291,502
250,511
209,506
174,476
168,432
220,432
253,439
288,439
339,438
289,473
250,479
211,477
# } 
# Left iris [x,y,r] { 
365
215
21
# } 
# Right iris [x,y,r] { 
144
211
21
# } 
# Face bounding Box [top(x), left(y), width, height] { 
-70
94
542
488
# }