# File name { 
7888400_pre_smile.PNG
# } 
# 68 facial Landmarks [x,y] { 
56,271
56,328
62,384
76,436
98,482
125,527
163,561
206,585
253,595
301,586
343,562
378,530
404,490
426,447
439,397
450,345
454,283
99,218
124,202
158,199
190,205
220,218
308,231
339,224
370,223
401,226
426,241
265,271
265,311
265,350
266,389
217,398
239,409
263,418
285,411
302,402
134,262
156,248
183,251
213,275
182,274
155,272
315,283
343,264
367,266
392,287
367,291
342,289
179,453
209,446
239,446
256,453
275,450
304,457
322,471
305,498
276,515
248,518
221,511
196,488
192,456
232,460
255,465
277,465
308,470
275,483
251,486
228,481
# } 
# Left iris [x,y,r] { 
355
278
16
# } 
# Right iris [x,y,r] { 
168
261
16
# } 
# Face bounding Box [top(x), left(y), width, height] { 
31
169
411
411
# }