# File name { 
7901929_pre_repose.png
# } 
# 68 facial Landmarks [x,y] { 
32,296
33,357
38,418
57,478
69,534
97,583
144,622
199,653
265,667
334,664
397,643
454,611
498,566
512,506
530,438
543,381
550,305
68,208
105,179
154,176
202,187
243,210
336,202
384,180
433,168
484,176
516,209
290,257
289,298
287,338
286,379
231,412
256,422
279,430
307,428
332,424
114,268
146,246
186,249
218,277
185,283
144,284
362,280
399,248
440,247
468,271
442,287
402,287
182,508
208,483
236,471
256,486
295,486
331,506
366,534
320,536
286,544
257,542
234,536
206,524
198,506
243,506
266,512
293,515
349,531
288,511
261,508
239,502
# } 
# Left iris [x,y,r] { 
417
260
24
# } 
# Right iris [x,y,r] { 
163
259
24
# } 
# Face bounding Box [top(x), left(y), width, height] { 
-82
109
629
565
# }