# File name { 
7903207_pre_repose.png
# } 
# 68 facial Landmarks [x,y] { 
47,295
54,357
70,416
79,474
96,529
126,575
175,604
228,623
290,633
352,624
406,603
456,572
485,524
504,467
518,405
528,340
525,276
80,231
111,200
157,188
204,192
245,207
319,201
359,183
404,176
449,184
482,211
284,246
285,283
287,320
288,358
242,400
264,406
287,409
310,406
331,401
126,261
155,240
189,239
220,262
189,274
153,275
345,264
377,232
413,231
442,252
413,264
381,264
198,495
233,475
264,464
285,469
308,465
337,479
370,503
334,507
306,506
283,507
260,505
231,503
213,492
264,490
285,492
307,491
354,499
305,480
284,480
262,480
# } 
# Left iris [x,y,r] { 
399
244
20
# } 
# Right iris [x,y,r] { 
169
255
20
# } 
# Face bounding Box [top(x), left(y), width, height] { 
36
142
470
470
# }