# File name { 
7905505_pre_repose.PNG
# } 
# 68 facial Landmarks [x,y] { 
30,264
26,322
31,376
40,428
57,479
83,523
122,555
168,577
223,588
278,580
327,560
370,530
399,488
417,440
427,389
430,335
426,277
62,211
84,184
119,173
156,179
189,192
269,189
304,179
341,178
374,192
394,221
227,247
225,279
224,312
222,346
182,384
202,386
222,386
244,386
264,385
98,251
120,235
151,238
183,262
149,267
118,267
281,269
301,248
331,248
355,270
332,276
300,276
149,456
179,441
209,431
229,439
248,431
277,441
302,455
280,468
253,470
229,469
206,468
177,465
163,454
206,452
228,453
250,451
288,453
250,450
229,450
208,450
# } 
# Left iris [x,y,r] { 
316
262
21
# } 
# Right iris [x,y,r] { 
138
250
21
# } 
# Face bounding Box [top(x), left(y), width, height] { 
31
124
410
410
# }