# File name { 
7912176_post_repose.png
# } 
# 68 facial Landmarks [x,y] { 
82,329
85,397
102,457
122,515
146,569
183,615
234,649
291,672
349,677
403,663
450,634
487,595
511,544
520,487
530,429
543,367
547,303
117,247
143,217
181,202
224,203
262,218
350,213
388,196
430,192
470,203
500,230
312,282
314,321
316,358
319,396
284,441
304,446
324,448
341,442
358,435
167,307
189,286
224,283
258,305
228,314
194,317
366,300
394,276
427,276
455,293
429,305
396,305
263,552
285,519
313,501
332,503
350,496
383,509
417,530
389,560
361,573
341,578
321,579
291,573
278,550
315,533
334,531
352,528
400,531
355,535
337,539
318,540
# } 
# Left iris [x,y,r] { 
412
286
20
# } 
# Right iris [x,y,r] { 
207
295
20
# } 
# Face bounding Box [top(x), left(y), width, height] { 
87
192
466
467
# }