# File name { 
7912176_pre_smile.png
# } 
# 68 facial Landmarks [x,y] { 
86,290
90,352
100,411
112,469
128,523
153,574
194,614
241,646
294,663
351,660
409,639
459,607
495,561
514,504
522,438
550,376
563,309
124,208
150,182
187,172
226,175
262,191
350,195
390,181
434,181
475,195
506,224
302,258
297,301
292,343
285,385
253,414
269,424
287,432
309,430
329,426
170,273
194,254
227,253
256,279
225,286
192,286
364,284
393,259
428,260
457,283
429,289
394,292
221,511
238,482
263,473
282,483
302,481
336,502
371,537
334,565
299,572
278,571
257,563
235,544
233,511
263,500
282,505
301,509
355,534
299,536
280,533
260,527
# } 
# Left iris [x,y,r] { 
413
271
20
# } 
# Right iris [x,y,r] { 
209
265
20
# } 
# Face bounding Box [top(x), left(y), width, height] { 
87
142
470
470
# }