# File name { 
7912176_pre_repose.png
# } 
# 68 facial Landmarks [x,y] { 
90,303
97,365
112,423
131,479
149,535
175,586
217,626
270,654
327,665
384,657
438,630
482,593
509,540
523,481
527,422
550,356
557,290
129,225
155,201
192,192
231,197
266,214
347,212
386,197
429,192
469,201
501,226
308,272
306,313
305,354
303,395
275,433
291,440
308,445
325,441
342,435
175,290
197,267
230,267
259,293
229,299
199,301
366,292
392,267
426,268
453,287
426,295
397,297
251,540
269,511
292,498
310,505
327,500
357,516
387,542
359,565
332,573
313,574
293,570
271,559
265,538
294,527
312,529
328,529
372,540
328,533
311,533
293,530
# } 
# Left iris [x,y,r] { 
412
277
20
# } 
# Right iris [x,y,r] { 
214
282
20
# } 
# Face bounding Box [top(x), left(y), width, height] { 
89
144
477
478
# }