# File name { 
7915896_post_repose.PNG
# } 
# 68 facial Landmarks [x,y] { 
24,321
29,386
37,446
49,500
66,551
95,598
139,634
194,662
261,671
327,656
389,628
438,589
470,544
488,491
496,433
493,373
487,306
48,266
68,223
111,204
159,204
206,215
283,204
327,191
374,188
419,205
442,243
244,259
244,295
244,332
244,371
204,414
225,416
248,417
272,414
293,411
97,279
123,258
157,257
192,276
158,285
125,290
301,269
338,250
367,247
394,273
371,282
340,280
182,511
216,484
239,466
257,470
275,465
307,478
332,494
316,513
288,522
259,525
232,524
204,519
199,504
231,493
256,493
280,492
317,494
283,492
258,494
232,495
# } 
# Left iris [x,y,r] { 
353
257
19
# } 
# Right iris [x,y,r] { 
141
268
19
# } 
# Face bounding Box [top(x), left(y), width, height] { 
-71
149
544
487
# }