# File name { 
7915896_pre_repose.PNG
# } 
# 68 facial Landmarks [x,y] { 
23,244
26,307
29,368
45,420
63,473
93,523
137,564
196,593
269,601
339,589
399,562
443,520
471,471
486,416
494,362
501,304
501,241
50,187
72,139
120,120
171,121
217,135
300,127
346,116
396,115
440,135
462,176
258,180
258,216
259,252
260,290
213,336
239,337
264,335
290,333
312,332
105,202
132,183
168,180
206,195
168,207
134,212
311,196
353,185
385,190
409,204
384,211
352,209
187,427
216,402
249,385
270,390
290,385
323,402
345,425
325,436
299,440
270,440
242,441
214,439
205,426
242,415
268,416
295,413
329,423
297,418
270,420
244,418
# } 
# Left iris [x,y,r] { 
370
195
19
# } 
# Right iris [x,y,r] { 
152
192
20
# } 
# Face bounding Box [top(x), left(y), width, height] { 
-71
39
549
495
# }