# File name { 
7915896_pre_smile.PNG
# } 
# 68 facial Landmarks [x,y] { 
14,286
16,358
23,427
35,484
59,542
93,594
142,637
209,662
285,667
359,654
418,622
458,575
479,523
497,467
506,410
509,349
515,282
41,234
70,184
124,167
179,170
228,185
305,175
353,163
405,161
451,181
475,221
265,236
266,274
267,313
268,355
215,399
244,401
273,400
305,394
330,387
98,254
128,243
164,239
204,249
163,256
130,262
320,251
359,259
391,264
420,264
388,267
357,262
187,496
227,472
268,457
296,462
318,452
354,458
384,466
364,493
330,504
298,510
265,511
225,507
208,494
260,486
292,484
325,476
373,470
332,477
299,482
266,484
# } 
# Left iris [x,y,r] { 
370
263
27
# } 
# Right iris [x,y,r] { 
151
250
29
# } 
# Face bounding Box [top(x), left(y), width, height] { 
-82
50
658
596
# }