# File name { 
7921879_pre_repose.png
# } 
# 68 facial Landmarks [x,y] { 
57,340
67,407
71,471
79,531
98,587
127,634
171,672
225,701
290,712
358,707
415,681
465,644
500,596
516,537
523,478
535,406
537,343
90,263
115,223
159,202
208,202
251,219
341,214
390,201
440,201
484,224
505,267
300,275
300,309
299,342
298,377
250,436
272,442
294,446
318,445
340,441
147,291
177,264
209,264
239,295
210,305
176,305
356,296
387,263
424,264
450,292
426,306
389,304
200,543
233,524
265,514
282,523
303,520
337,538
372,565
334,571
301,568
278,566
258,561
229,554
214,541
264,538
282,543
303,544
355,561
300,542
280,540
261,536
# } 
# Left iris [x,y,r] { 
406
284
21
# } 
# Right iris [x,y,r] { 
195
281
21
# } 
# Face bounding Box [top(x), left(y), width, height] { 
36
142
470
470
# }