# File name { 
7921879_pre_smile.png
# } 
# 68 facial Landmarks [x,y] { 
71,378
75,434
86,494
86,553
101,609
121,657
165,703
218,737
282,752
351,745
411,718
464,681
506,632
526,574
528,510
541,447
546,384
108,294
132,257
175,241
221,246
262,267
346,257
390,240
438,235
481,252
506,290
302,314
300,348
297,382
294,417
245,460
268,470
292,478
319,474
343,468
158,337
185,315
218,312
250,328
219,343
190,346
362,325
393,300
426,299
457,328
426,331
396,334
188,554
213,531
234,525
256,539
281,536
315,555
378,595
331,599
298,606
260,607
228,603
202,576
198,557
236,555
250,560
272,562
359,590
290,581
246,583
219,572
# } 
# Left iris [x,y,r] { 
410
315
21
# } 
# Right iris [x,y,r] { 
202
328
21
# } 
# Face bounding Box [top(x), left(y), width, height] { 
87
193
470
470
# }