# File name { 
7923305_post_repose.png
# } 
# 68 facial Landmarks [x,y] { 
108,235
105,305
113,370
123,431
142,489
173,539
219,579
275,606
340,618
404,606
463,578
510,537
540,484
553,425
562,364
567,300
576,228
142,166
170,141
209,133
250,141
284,157
385,161
423,145
464,138
504,143
534,165
336,204
336,241
336,277
336,315
292,367
313,369
336,371
360,369
381,366
187,212
212,196
247,195
282,217
245,223
211,225
394,219
431,196
465,197
493,213
467,225
433,225
240,457
275,441
308,431
331,439
355,432
396,442
432,457
401,473
366,481
336,485
306,485
270,477
260,457
310,456
335,459
361,457
412,456
360,456
334,458
308,457
# } 
# Left iris [x,y,r] { 
449
209
21
# } 
# Right iris [x,y,r] { 
230
207
21
# } 
# Face bounding Box [top(x), left(y), width, height] { 
87
90
468
465
# }