# File name { 
7923305_post_smile.png
# } 
# 68 facial Landmarks [x,y] { 
88,219
85,285
90,349
99,410
116,466
147,515
190,558
246,589
311,605
376,595
436,565
487,526
521,473
531,417
540,352
549,283
558,212
118,161
145,134
183,124
223,131
257,147
363,145
400,129
442,120
483,127
513,152
311,188
310,225
308,263
307,301
259,334
282,342
306,348
334,346
359,343
161,205
189,180
222,178
251,201
218,211
189,214
382,201
406,174
439,173
472,192
440,211
408,209
198,412
229,398
266,393
287,402
316,399
364,408
410,422
372,447
330,461
291,469
253,466
218,449
216,415
263,412
294,419
327,422
388,424
325,437
290,442
256,440
# } 
# Left iris [x,y,r] { 
423
189
21
# } 
# Right iris [x,y,r] { 
205
193
21
# } 
# Face bounding Box [top(x), left(y), width, height] { 
87
90
470
467
# }