# File name { 
7923305_pre_repose.png
# } 
# 68 facial Landmarks [x,y] { 
283,382
275,493
287,599
309,695
337,784
384,865
454,930
550,975
658,1001
767,980
865,929
934,857
971,772
982,684
997,588
1017,484
1029,376
347,276
390,236
457,213
529,215
589,242
732,231
801,205
875,195
937,218
973,258
662,309
661,353
661,397
658,445
593,534
625,536
659,538
695,546
730,553
409,337
457,295
514,294
573,329
517,343
462,350
753,334
803,290
860,291
913,329
862,349
804,350
500,716
554,669
593,640
625,654
652,645
699,668
755,728
718,749
667,767
624,774
585,762
549,740
536,703
600,703
622,708
661,703
723,714
658,701
624,710
599,702
# } 
# Left iris [x,y,r] { 
833
317
36
# } 
# Right iris [x,y,r] { 
486
318
36
# } 
# Face bounding Box [top(x), left(y), width, height] { 
244
64
831
831
# }