# File name { 
7923305_pre_smile.png
# } 
# 68 facial Landmarks [x,y] { 
242,339
233,448
234,544
250,649
283,733
330,817
387,884
482,950
588,991
699,979
811,936
886,872
932,775
942,697
947,591
965,489
983,375
307,270
356,221
424,192
505,195
571,226
696,221
773,196
850,191
923,223
960,272
634,285
632,347
628,409
621,474
544,518
576,534
613,548
651,558
688,565
371,319
420,275
478,276
533,319
477,322
422,322
716,325
767,281
822,277
876,323
819,337
769,336
425,641
470,615
520,611
544,630
582,633
651,671
729,723
662,745
592,757
534,753
486,731
454,690
459,647
517,645
551,663
600,685
685,714
591,709
541,706
509,689
# } 
# Left iris [x,y,r] { 
795
303
36
# } 
# Right iris [x,y,r] { 
449
299
36
# } 
# Face bounding Box [top(x), left(y), width, height] { 
243
64
829
828
# }