# File name { 
7943807_pre_repose.png
# } 
# 68 facial Landmarks [x,y] { 
87,313
89,362
101,414
111,469
126,513
152,557
190,596
238,623
292,631
348,622
398,596
442,562
467,516
479,464
487,411
498,359
504,304
118,266
145,239
184,229
225,232
261,245
305,241
346,229
388,224
428,231
458,255
285,286
285,320
285,354
286,390
248,421
267,427
286,431
306,427
325,421
161,299
184,278
216,277
243,303
216,310
184,312
331,300
359,270
391,269
415,289
394,304
361,305
210,494
238,480
266,472
283,477
302,472
334,482
365,497
334,516
304,524
284,525
265,523
238,513
224,495
266,496
283,498
303,496
350,497
302,495
283,497
265,495
# } 
# Left iris [x,y,r] { 
378
287
21
# } 
# Right iris [x,y,r] { 
197
292
21
# } 
# Face bounding Box [top(x), left(y), width, height] { 
36
143
475
475
# }