# File name { 
7943807_post_repose.png
# } 
# 68 facial Landmarks [x,y] { 
170,281
173,319
179,355
186,390
195,423
213,452
240,476
271,494
305,501
341,497
374,483
402,459
423,429
434,395
442,361
449,326
453,289
199,244
216,224
242,217
270,220
295,229
329,234
356,226
383,225
409,232
427,250
313,263
312,288
311,312
310,338
282,357
295,362
308,367
323,365
336,361
224,270
240,253
261,253
278,274
259,277
238,277
344,277
359,255
385,255
399,273
385,279
364,280
253,406
273,395
292,390
304,395
317,393
339,402
360,415
337,428
316,432
302,432
288,429
271,420
262,407
291,407
303,409
317,409
350,415
316,412
302,412
290,409
# } 
# Left iris [x,y,r] { 
372
263
14
# } 
# Right iris [x,y,r] { 
252
261
14
# } 
# Face bounding Box [top(x), left(y), width, height] { 
132
168
322
322
# }