# File name { 
7947333_post_repose.png
# } 
# 68 facial Landmarks [x,y] { 
59,387
59,457
70,520
89,582
109,654
138,704
176,749
236,779
299,796
361,793
418,773
467,738
499,687
521,625
538,561
553,496
559,431
121,317
157,289
204,280
251,291
293,311
394,314
436,297
478,291
518,309
539,346
340,368
338,407
337,445
335,485
283,532
305,539
326,545
346,544
365,542
172,369
201,350
229,352
258,384
231,387
198,384
399,395
432,367
465,367
488,392
465,404
431,402
203,608
262,609
297,604
320,614
342,611
371,627
403,650
364,661
333,658
310,655
286,650
254,641
226,621
294,622
317,627
339,629
386,647
336,634
314,631
290,626
# } 
# Left iris [x,y,r] { 
447
384
21
# } 
# Right iris [x,y,r] { 
216
369
21
# } 
# Face bounding Box [top(x), left(y), width, height] { 
45
231
560
560
# }