# File name { 
7947333_pre_repose.png
# } 
# 68 facial Landmarks [x,y] { 
27,268
28,331
40,399
64,459
80,521
104,576
150,615
206,636
269,643
333,634
391,616
441,583
472,534
496,477
517,417
528,356
530,294
72,166
100,133
145,122
191,132
233,155
337,159
381,139
428,133
473,145
502,180
280,213
277,245
274,276
272,310
235,374
254,376
273,378
292,376
313,374
120,224
147,200
185,203
208,233
178,239
148,239
352,236
384,208
418,208
443,231
418,244
383,243
196,497
229,463
259,445
277,450
297,445
326,463
356,493
327,502
298,505
276,506
257,506
228,506
213,491
258,468
277,469
296,468
341,488
297,477
277,477
259,477
# } 
# Left iris [x,y,r] { 
402
225
26
# } 
# Right iris [x,y,r] { 
166
219
26
# } 
# Face bounding Box [top(x), left(y), width, height] { 
36
90
468
465
# }