# File name { 
7947333_pre_smile.png
# } 
# 68 facial Landmarks [x,y] { 
32,274
31,346
50,409
72,486
88,547
125,611
184,641
244,666
309,672
367,658
419,627
464,583
496,529
518,463
535,401
544,341
545,275
77,178
106,143
153,129
202,136
247,157
357,159
398,137
444,129
489,139
515,174
299,222
299,259
300,295
301,332
256,392
279,394
302,396
324,392
346,387
127,235
154,212
194,212
223,245
190,250
156,252
356,249
390,217
431,215
461,242
431,254
390,255
216,506
265,468
307,455
331,460
354,453
380,465
418,474
391,512
358,531
322,526
298,528
261,524
235,504
292,478
314,477
340,474
405,482
354,508
312,504
280,501
# } 
# Left iris [x,y,r] { 
412
236
26
# } 
# Right iris [x,y,r] { 
175
230
26
# } 
# Face bounding Box [top(x), left(y), width, height] { 
36
91
471
468
# }