# File name { 
7989297_pre_smile.PNG
# } 
# 68 facial Landmarks [x,y] { 
38,209
24,278
15,344
27,411
59,467
98,525
144,564
205,589
271,595
333,575
381,538
420,496
451,447
470,389
477,332
474,272
468,212
74,167
99,131
143,118
189,123
232,137
293,138
336,128
379,126
420,140
442,172
263,183
264,220
266,257
268,296
225,342
249,340
273,336
296,329
314,321
111,188
144,171
178,171
211,196
172,207
139,208
308,194
342,170
374,170
405,194
373,200
343,197
182,454
232,426
281,395
303,393
316,385
343,389
367,398
352,435
333,460
300,467
263,469
217,462
205,444
259,414
290,406
321,398
352,401
328,430
295,438
259,439
# } 
# Left iris [x,y,r] { 
360
184
22
# } 
# Right iris [x,y,r] { 
159
184
22
# } 
# Face bounding Box [top(x), left(y), width, height] { 
31
79
411
408
# }