# File name { 
7989297_pre_repose.PNG
# } 
# 68 facial Landmarks [x,y] { 
78,247
63,313
61,381
69,438
92,490
122,538
166,575
220,602
285,609
349,597
401,567
440,530
470,485
493,433
506,377
501,320
497,258
117,196
142,156
188,140
234,145
272,160
322,161
366,153
410,154
451,173
471,213
298,200
297,230
297,260
295,291
258,354
277,349
296,345
314,348
332,353
159,214
181,195
214,193
243,216
210,227
183,224
347,221
375,203
406,204
429,229
404,232
374,230
199,466
243,425
283,413
303,417
322,414
352,425
370,444
349,455
326,458
293,462
268,465
239,464
224,457
276,438
300,437
326,435
353,444
329,448
303,448
278,442
# } 
# Left iris [x,y,r] { 
390
218
22
# } 
# Right iris [x,y,r] { 
198
207
22
# } 
# Face bounding Box [top(x), left(y), width, height] { 
39
95
491
491
# }