# File name { 
7989297_post_smile.PNG
# } 
# 68 facial Landmarks [x,y] { 
109,232
103,285
103,333
108,376
126,417
149,455
181,486
219,507
265,517
311,508
350,483
381,451
403,413
418,369
424,324
422,273
415,223
130,200
147,172
178,165
207,171
237,182
288,182
317,172
348,165
379,173
396,200
264,219
264,246
263,274
262,302
234,324
247,329
261,332
277,330
291,328
166,223
184,207
202,207
226,223
203,228
183,228
303,222
329,205
350,205
368,220
350,228
328,228
202,391
222,380
244,376
262,380
282,377
307,382
329,389
314,415
290,423
267,424
245,421
219,412
213,390
247,388
265,390
285,387
318,390
290,407
267,408
245,403
# } 
# Left iris [x,y,r] { 
339
217
14
# } 
# Right iris [x,y,r] { 
193
219
14
# } 
# Face bounding Box [top(x), left(y), width, height] { 
100
140
341
341
# }