# File name { 
7991304_pre_smile.png
# } 
# 68 facial Landmarks [x,y] { 
241,518
236,620
246,719
263,812
306,899
380,960
475,1000
571,1035
675,1039
774,1012
854,961
923,899
971,821
988,733
993,639
985,543
960,440
295,391
329,343
392,320
461,323
526,334
666,301
727,278
793,272
857,292
898,338
602,407
608,446
615,485
624,529
568,646
603,632
639,620
676,616
709,615
343,494
401,443
446,432
510,464
462,486
410,496
700,434
744,388
792,377
848,419
796,433
748,439
523,804
584,746
647,699
684,700
712,686
763,712
801,746
778,785
741,815
698,826
649,828
587,820
556,793
636,771
678,761
715,751
781,748
721,761
685,768
642,771
# } 
# Left iris [x,y,r] { 
771
408
32
# } 
# Right iris [x,y,r] { 
427
463
32
# } 
# Face bounding Box [top(x), left(y), width, height] { 
280
204
682
688
# }