# File name { 
7991304_post_smile.png
# } 
# 68 facial Landmarks [x,y] { 
158,385
151,449
151,504
163,558
186,606
226,644
279,673
334,698
396,706
455,696
507,668
552,634
584,592
598,540
601,483
593,426
593,366
208,332
229,300
266,285
309,288
347,301
423,294
459,281
499,275
534,288
552,319
388,345
391,370
394,395
397,422
351,464
373,465
397,465
420,460
441,456
246,373
270,350
301,348
330,370
302,380
270,381
435,361
468,335
498,334
527,360
502,366
467,365
288,539
323,512
367,498
393,501
423,494
467,513
497,547
481,580
446,597
407,596
366,593
320,574
313,537
369,531
401,527
433,527
483,548
444,565
409,565
370,558
# } 
# Left iris [x,y,r] { 
484
351
19
# } 
# Right iris [x,y,r] { 
286
364
19
# } 
# Face bounding Box [top(x), left(y), width, height] { 
142
251
485
485
# }