# File name { 
7991304_pre_repose.png
# } 
# 68 facial Landmarks [x,y] { 
188,537
191,641
209,737
226,830
264,916
333,976
427,1020
521,1053
624,1062
723,1034
807,983
877,919
926,842
944,754
946,654
939,558
926,452
230,419
269,367
334,341
404,340
473,349
609,308
674,285
743,273
811,288
858,337
547,420
554,462
560,503
568,549
519,673
551,657
582,645
615,643
648,645
307,507
348,452
393,440
464,474
405,498
356,516
644,448
689,401
742,389
796,426
754,447
698,453
481,827
527,772
581,725
611,728
638,714
686,741
722,783
699,815
663,843
624,854
580,857
529,845
508,814
570,798
608,792
643,783
701,780
647,782
613,790
576,794
# } 
# Left iris [x,y,r] { 
719
419
32
# } 
# Right iris [x,y,r] { 
380
475
32
# } 
# Face bounding Box [top(x), left(y), width, height] { 
222
228
757
757
# }