# File name { 
7991304_post_repose.png
# } 
# 68 facial Landmarks [x,y] { 
177,411
178,470
183,527
193,577
213,623
247,661
295,688
349,706
407,712
463,701
513,681
556,653
583,614
598,568
606,520
610,465
609,405
222,333
246,300
281,282
322,278
359,287
447,282
484,274
523,279
555,300
573,336
402,350
403,375
404,399
404,425
364,481
383,480
404,478
425,478
444,478
262,373
287,350
319,351
353,369
320,380
288,384
449,367
486,345
516,343
538,366
514,375
483,374
322,576
351,543
386,523
407,527
427,521
459,540
482,569
462,586
434,593
407,594
381,595
348,591
339,573
383,557
406,556
429,554
471,566
433,567
408,567
382,569
# } 
# Left iris [x,y,r] { 
501
358
19
# } 
# Right iris [x,y,r] { 
302
363
19
# } 
# Face bounding Box [top(x), left(y), width, height] { 
171
264
416
416
# }