# File name { 
7995323_pre_smile.png
# } 
# 68 facial Landmarks [x,y] { 
37,258
45,328
58,403
75,474
105,540
153,599
211,646
275,684
343,689
405,669
455,619
499,563
535,503
559,440
562,367
560,292
557,244
79,233
105,198
150,180
199,183
246,200
335,203
378,184
427,175
473,184
504,214
293,247
297,289
302,332
308,377
255,412
285,416
315,420
343,408
370,396
145,259
165,236
201,239
234,263
201,273
168,273
357,252
381,222
417,220
446,240
419,254
386,256
234,526
276,487
309,462
334,465
362,451
393,453
438,460
403,517
366,543
334,546
300,542
272,534
259,515
296,492
327,490
354,482
424,467
384,503
350,515
313,514
# } 
# Left iris [x,y,r] { 
401
237
24
# } 
# Right iris [x,y,r] { 
183
251
24
# } 
# Face bounding Box [top(x), left(y), width, height] { 
45
109
568
568
# }