# File name { 
7995187_pre_smile.png
# } 
# 68 facial Landmarks [x,y] { 
68,201
67,260
76,320
82,379
97,435
129,484
174,522
225,551
276,564
323,554
369,528
413,498
444,458
462,410
473,356
488,301
494,255
108,173
140,155
179,153
216,164
251,181
339,195
374,187
411,187
444,198
468,220
291,234
290,274
290,313
290,351
250,375
268,382
288,387
306,381
324,372
155,221
176,210
205,210
231,237
204,238
176,235
340,249
364,230
391,233
413,253
389,257
363,254
221,441
253,432
280,424
297,427
315,420
339,423
364,429
342,456
319,472
299,477
281,476
253,468
234,444
279,442
296,442
315,438
352,430
318,443
299,446
282,445
# } 
# Left iris [x,y,r] { 
377
242
16
# } 
# Right iris [x,y,r] { 
191
220
16
# } 
# Face bounding Box [top(x), left(y), width, height] { 
35
89
460
457
# }