# File name { 
7995187_post_smile.png
# } 
# 68 facial Landmarks [x,y] { 
47,348
45,414
47,475
55,537
75,593
112,642
165,676
225,702
284,710
341,701
393,676
438,640
469,593
486,538
497,480
507,423
513,363
87,298
117,274
157,266
197,273
233,290
329,296
368,284
409,285
446,299
473,325
282,345
282,384
284,421
286,460
241,491
262,498
284,504
306,497
325,488
137,346
159,331
189,331
220,355
188,359
158,362
337,360
362,335
393,335
421,361
393,368
359,366
198,566
236,549
269,542
292,546
317,539
347,544
375,555
352,585
322,600
296,603
271,601
237,590
213,568
269,567
292,567
317,563
361,557
320,568
295,571
272,569
# } 
# Left iris [x,y,r] { 
377
350
20
# } 
# Right iris [x,y,r] { 
174
344
20
# } 
# Face bounding Box [top(x), left(y), width, height] { 
34
234
450
450
# }