# File name { 
7995323_pre_repose.png
# } 
# 68 facial Landmarks [x,y] { 
51,303
53,374
64,447
76,515
98,580
140,637
195,681
254,714
325,720
395,710
455,675
507,628
547,573
568,505
579,435
580,366
580,294
96,266
119,224
167,205
218,208
269,223
356,221
405,200
456,190
507,203
535,245
312,275
313,315
314,355
315,397
266,449
292,454
318,458
343,450
369,443
160,295
182,266
220,265
251,297
219,308
184,309
378,291
407,262
443,261
470,280
446,296
409,298
224,561
251,530
285,506
315,513
344,506
379,529
415,550
383,563
349,565
319,564
288,566
258,563
240,557
290,543
318,544
346,540
401,548
347,540
320,544
292,543
# } 
# Left iris [x,y,r] { 
424
275
24
# } 
# Right iris [x,y,r] { 
203
282
24
# } 
# Face bounding Box [top(x), left(y), width, height] { 
46
110
571
571
# }