# File name { 
7995187_post_repose.png
# } 
# 68 facial Landmarks [x,y] { 
37,327
35,388
41,454
50,519
68,581
105,634
160,673
220,700
282,710
342,701
399,676
450,639
482,589
501,529
512,467
525,405
534,341
84,271
118,245
161,236
204,242
244,259
339,264
381,252
424,254
465,269
493,299
292,318
291,359
292,398
293,440
245,475
268,482
291,488
314,482
334,475
133,326
165,307
196,309
223,331
191,339
160,339
350,334
377,311
409,309
436,336
410,342
376,339
200,561
239,542
272,533
294,539
317,533
348,543
376,561
347,582
318,593
293,596
269,594
237,583
216,562
271,559
293,561
317,558
361,560
317,559
293,562
271,560
# } 
# Left iris [x,y,r] { 
393
323
20
# } 
# Right iris [x,y,r] { 
176
318
20
# } 
# Face bounding Box [top(x), left(y), width, height] { 
35
188
457
458
# }