# File name { 
7995323_post_smile.png
# } 
# 68 facial Landmarks [x,y] { 
1,285
3,364
16,445
34,524
63,598
112,666
174,721
244,767
328,774
409,754
474,698
533,636
574,563
602,490
608,413
605,334
605,253
39,256
66,215
116,199
170,207
220,229
329,230
380,209
436,199
490,208
528,240
275,283
277,335
279,387
282,441
229,474
259,482
292,487
325,474
354,460
108,290
140,263
177,263
213,290
179,302
141,303
357,287
387,257
426,256
457,273
431,289
392,292
206,587
254,554
289,535
318,539
352,524
393,530
440,532
405,584
367,615
326,622
288,623
248,608
240,583
301,562
327,557
367,549
422,538
371,578
333,590
294,585
# } 
# Left iris [x,y,r] { 
411
270
26
# } 
# Right iris [x,y,r] { 
160
281
26
# } 
# Face bounding Box [top(x), left(y), width, height] { 
-82
109
631
568
# }