# File name { 
7997005_pre_smile.PNG
# } 
# 68 facial Landmarks [x,y] { 
34,216
35,275
37,325
45,381
62,435
97,480
144,516
201,543
268,552
332,538
386,505
432,461
462,411
468,351
469,292
460,243
452,202
64,201
88,172
116,154
155,159
190,171
284,168
316,152
352,142
386,149
402,168
240,200
242,236
244,271
248,307
202,333
226,338
251,340
278,331
301,321
102,233
129,206
161,204
185,223
161,232
129,233
290,212
311,191
342,185
375,206
345,218
316,218
162,394
200,383
234,375
258,378
282,370
322,371
365,370
332,393
300,408
270,412
239,413
201,408
178,394
233,397
262,396
291,389
350,377
293,390
266,394
237,396
# } 
# Left iris [x,y,r] { 
329
204
21
# } 
# Right iris [x,y,r] { 
146
219
21
# } 
# Face bounding Box [top(x), left(y), width, height] { 
32
80
418
415
# }