# File name { 
8005065_post_repose.png
# } 
# 68 facial Landmarks [x,y] { 
101,234
102,282
105,331
115,375
135,420
160,459
195,490
234,515
280,522
324,513
360,485
397,456
424,423
443,377
447,328
451,280
453,234
147,209
170,193
198,189
226,194
256,201
307,200
335,191
364,184
393,187
413,205
281,228
282,259
282,290
283,321
248,345
264,350
281,354
299,349
315,343
180,225
197,210
220,210
238,230
218,234
196,234
323,230
339,209
363,209
381,224
364,233
342,233
214,407
238,393
263,386
281,388
298,384
321,390
343,401
322,413
301,419
283,422
263,422
239,418
225,406
263,402
282,402
299,400
333,402
299,399
282,401
264,402
# } 
# Left iris [x,y,r] { 
352
220
14
# } 
# Right iris [x,y,r] { 
207
222
14
# } 
# Face bounding Box [top(x), left(y), width, height] { 
107
110
367
367
# }