# File name { 
8005065_pre_smile.png
# } 
# 68 facial Landmarks [x,y] { 
78,235
78,296
89,360
103,422
126,482
159,536
208,583
262,619
328,626
393,614
447,575
493,526
536,475
551,409
562,343
567,276
553,219
117,198
144,171
183,162
225,166
266,177
346,180
387,167
427,158
468,163
501,186
304,220
305,268
307,315
308,364
263,383
286,392
313,399
339,388
364,376
168,226
193,208
225,209
252,232
222,238
191,237
370,227
395,203
427,201
453,216
429,229
399,231
224,460
258,451
293,444
320,448
346,439
382,440
417,449
384,475
353,496
325,501
295,501
260,490
239,464
293,461
321,462
347,457
403,452
350,473
323,479
295,476
# } 
# Left iris [x,y,r] { 
413
215
21
# } 
# Right iris [x,y,r] { 
208
224
21
# } 
# Face bounding Box [top(x), left(y), width, height] { 
86
89
464
461
# }