# File name { 
8005065_post_smile.png
# } 
# 68 facial Landmarks [x,y] { 
92,251
89,302
92,348
108,398
129,442
155,475
189,505
228,532
276,537
321,526
358,498
391,466
417,431
431,387
437,340
440,294
434,245
129,220
151,203
180,198
208,201
235,208
294,205
322,194
349,187
377,192
398,212
265,234
266,265
267,295
269,327
228,347
248,354
268,359
286,343
302,334
165,234
182,220
205,220
222,239
204,243
182,243
305,238
324,218
346,218
362,232
348,241
326,242
191,405
216,397
234,392
259,389
277,391
302,385
338,405
315,419
292,423
265,425
240,418
220,411
202,405
257,398
279,399
299,397
326,405
309,407
285,410
263,407
# } 
# Left iris [x,y,r] { 
336
227
14
# } 
# Right iris [x,y,r] { 
192
231
14
# } 
# Face bounding Box [top(x), left(y), width, height] { 
32
126
417
417
# }