# File name { 
8006610_post_smile.png
# } 
# 68 facial Landmarks [x,y] { 
95,353
95,416
100,481
108,543
124,601
152,655
199,698
251,731
314,748
381,742
443,716
499,678
541,629
570,570
585,505
585,438
588,378
138,302
172,271
220,262
269,269
314,286
403,291
444,278
488,277
529,289
555,316
358,334
358,371
357,409
357,447
301,481
324,490
348,498
372,496
395,493
192,340
222,317
250,317
279,343
249,349
221,349
423,355
449,329
482,330
506,354
479,366
450,363
226,563
264,544
300,537
319,547
335,542
388,564
431,585
380,603
349,610
318,612
286,612
251,600
238,565
275,551
309,562
332,570
402,587
340,592
307,596
276,594
# } 
# Left iris [x,y,r] { 
466
346
21
# } 
# Right iris [x,y,r] { 
234
333
21
# } 
# Face bounding Box [top(x), left(y), width, height] { 
45
173
568
565
# }