# File name { 
8006610_post_repose.png
# } 
# 68 facial Landmarks [x,y] { 
91,363
99,422
108,488
117,549
138,606
172,653
219,689
272,718
336,727
402,717
457,687
507,652
541,604
562,547
572,485
578,425
581,370
135,295
167,267
211,259
255,266
296,283
385,288
426,276
468,275
508,284
536,308
345,333
345,370
346,407
345,445
300,487
321,493
343,498
363,495
383,491
184,339
212,320
239,322
272,347
241,350
210,351
407,351
437,328
465,329
490,347
466,356
436,356
248,580
283,563
317,555
338,563
361,559
393,569
427,583
392,595
360,598
336,599
313,597
281,590
262,579
316,580
338,583
361,582
414,584
360,575
336,577
315,574
# } 
# Left iris [x,y,r] { 
450
341
21
# } 
# Right iris [x,y,r] { 
225
337
21
# } 
# Face bounding Box [top(x), left(y), width, height] { 
45
173
566
562
# }