# File name { 
8006610_pre_repose.png
# } 
# 68 facial Landmarks [x,y] { 
87,248
93,312
105,369
118,426
138,479
169,522
216,553
267,578
323,585
382,575
432,548
478,513
505,466
523,414
545,356
550,299
550,242
115,190
139,154
181,138
226,142
268,157
356,162
397,150
441,146
482,158
511,186
315,210
317,245
318,278
319,313
278,356
299,360
320,363
342,359
363,355
169,222
192,204
218,203
252,227
218,233
196,233
380,226
412,198
437,199
462,218
438,229
407,230
236,449
265,430
284,416
295,422
317,420
348,435
394,467
365,470
338,466
312,468
289,466
264,467
250,448
298,443
320,446
343,443
368,457
342,448
320,450
297,447
# } 
# Left iris [x,y,r] { 
424
212
16
# } 
# Right iris [x,y,r] { 
206
218
16
# } 
# Face bounding Box [top(x), left(y), width, height] { 
88
91
473
470
# }