# File name { 
8010104_pre_repose.png
# } 
# 68 facial Landmarks [x,y] { 
48,202
46,271
50,340
64,406
89,471
128,523
183,560
249,581
326,580
398,576
457,550
503,508
532,447
543,388
556,324
565,258
565,191
99,127
132,93
179,79
230,82
277,103
344,105
390,85
440,79
488,88
521,123
316,155
318,192
321,228
323,266
274,313
298,320
322,326
347,320
371,312
160,180
186,152
216,148
250,173
220,181
189,184
377,174
411,151
443,153
472,174
442,183
414,180
233,425
267,396
302,380
325,387
347,381
379,398
408,426
378,443
348,448
324,449
299,447
266,441
248,422
302,411
325,412
348,413
392,424
346,412
324,413
300,411
# } 
# Left iris [x,y,r] { 
429
165
20
# } 
# Right iris [x,y,r] { 
204
167
20
# } 
# Face bounding Box [top(x), left(y), width, height] { 
87
36
470
470
# }