# File name { 
8010104_pre_smile.png
# } 
# 68 facial Landmarks [x,y] { 
33,246
33,310
36,375
46,437
64,498
104,548
154,585
214,606
284,607
354,602
416,582
467,549
504,503
524,444
536,383
547,318
549,249
81,176
113,139
159,125
209,127
255,144
328,142
375,124
425,119
471,130
503,165
293,194
293,229
294,263
295,299
241,338
267,344
294,351
321,346
347,339
136,220
172,188
201,187
230,212
201,222
171,223
356,212
392,188
419,186
449,218
421,219
390,219
180,431
218,403
258,386
288,398
316,395
354,410
390,443
350,466
311,476
282,478
253,475
213,464
195,430
229,417
250,419
268,424
374,440
290,444
248,440
222,445
# } 
# Left iris [x,y,r] { 
406
204
20
# } 
# Right iris [x,y,r] { 
188
204
20
# } 
# Face bounding Box [top(x), left(y), width, height] { 
36
91
475
472
# }