# File name { 
8010104_post_smile.png
# } 
# 68 facial Landmarks [x,y] { 
142,338
138,382
140,428
147,472
163,513
189,547
224,587
269,608
329,607
375,589
434,549
460,503
465,504
472,465
482,424
485,381
482,338
173,293
196,273
225,267
257,271
287,282
350,279
378,267
408,261
435,266
456,284
321,313
322,337
324,361
326,386
288,413
306,418
325,423
342,418
358,412
217,330
237,310
256,311
275,325
257,332
235,334
359,325
385,309
404,308
423,329
404,331
383,330
244,474
273,462
303,457
321,460
340,456
363,461
387,474
361,491
337,497
318,499
299,499
271,495
256,476
302,474
321,474
339,473
374,475
336,476
318,478
300,478
# } 
# Left iris [x,y,r] { 
395
321
14
# } 
# Right iris [x,y,r] { 
247
321
14
# } 
# Face bounding Box [top(x), left(y), width, height] { 
115
203
392
392
# }