# File name { 
8017784_post_repose.PNG
# } 
# 68 facial Landmarks [x,y] { 
54,302
57,364
60,421
64,482
79,541
110,587
157,624
217,651
282,662
355,648
425,616
458,586
474,532
492,475
507,417
511,358
506,296
90,256
121,236
162,227
205,232
242,245
321,233
361,219
403,216
441,226
470,248
283,280
283,316
284,352
284,389
241,429
261,433
282,435
306,434
328,432
129,294
161,282
195,279
224,294
194,305
162,307
338,295
373,272
400,271
434,292
404,304
368,301
187,515
220,493
260,478
281,485
303,479
340,491
375,508
329,510
315,528
290,531
254,534
227,525
202,513
255,500
281,502
306,500
356,508
309,504
268,507
245,502
# } 
# Left iris [x,y,r] { 
386
287
17
# } 
# Right iris [x,y,r] { 
179
292
17
# } 
# Face bounding Box [top(x), left(y), width, height] { 
39
151
496
493
# }