# File name { 
8018914_pre_smile.png
# } 
# 68 facial Landmarks [x,y] { 
201,542
180,666
190,782
199,906
238,1025
287,1141
375,1240
487,1310
617,1336
747,1323
853,1263
930,1170
979,1056
1004,938
1024,818
1048,704
1060,585
284,462
339,386
434,360
532,370
622,400
755,406
840,385
926,384
1006,415
1044,492
696,479
696,576
696,671
693,772
569,798
616,827
670,855
720,842
763,823
384,500
431,446
497,446
549,506
491,510
433,511
794,522
850,470
916,470
949,531
907,540
851,533
441,915
501,902
535,895
580,928
641,945
695,971
796,1044
747,1043
677,1068
623,1068
566,1053
496,1003
467,924
585,965
639,981
691,980
722,1007
685,1011
632,1012
578,996
# } 
# Left iris [x,y,r] { 
883
500
41
# } 
# Right iris [x,y,r] { 
462
475
41
# } 
# Face bounding Box [top(x), left(y), width, height] { 
178
288
952
953
# }