# File name { 
8018914_pre_repose.png
# } 
# 68 facial Landmarks [x,y] { 
190,480
179,606
192,727
214,847
253,966
301,1078
391,1167
503,1229
630,1249
755,1237
858,1181
931,1095
963,979
996,863
1008,746
1034,628
1042,511
275,365
329,298
418,280
507,292
592,322
728,324
810,303
895,301
973,328
1011,399
671,405
673,497
675,590
676,686
571,739
614,761
659,779
700,771
735,756
350,425
407,371
475,369
540,418
471,433
411,443
770,448
833,393
901,396
949,447
889,470
829,463
487,925
542,889
599,876
639,893
679,886
729,916
777,965
722,997
671,1005
628,1003
585,995
532,968
514,923
594,922
636,931
677,932
748,959
674,939
633,940
592,931
# } 
# Left iris [x,y,r] { 
864
422
41
# } 
# Right iris [x,y,r] { 
441
399
41
# } 
# Face bounding Box [top(x), left(y), width, height] { 
172
178
924
918
# }