# File name { 
8018914_post_smile.png
# } 
# 68 facial Landmarks [x,y] { 
151,530
154,606
161,682
173,760
204,829
236,904
288,962
357,1010
447,1022
535,1009
608,964
666,905
689,829
707,756
722,681
738,603
736,527
206,453
241,411
295,399
351,404
405,418
502,410
558,401
611,398
661,413
694,450
459,462
459,523
457,585
456,649
387,667
418,685
453,701
487,690
517,677
259,482
297,442
336,444
372,481
337,487
299,489
540,481
574,447
613,447
637,483
610,489
574,487
299,751
333,732
366,731
405,748
434,743
482,763
572,777
533,809
466,816
426,834
379,830
346,813
314,759
405,772
446,778
487,775
545,791
486,801
444,806
403,802
# } 
# Left iris [x,y,r] { 
594
465
24
# } 
# Right iris [x,y,r] { 
317
464
24
# } 
# Face bounding Box [top(x), left(y), width, height] { 
124
273
663
664
# }