# File name { 
8025731_post_repose.PNG
# } 
# 68 facial Landmarks [x,y] { 
127,258
130,295
136,329
142,364
153,395
171,422
199,442
231,454
268,454
302,448
335,434
362,413
381,388
392,357
399,325
406,292
407,257
144,211
158,191
181,182
207,186
228,198
304,199
326,189
351,186
373,194
387,212
265,237
265,256
266,275
267,295
245,328
257,327
268,325
278,324
287,323
174,242
191,228
210,228
233,248
210,253
186,253
297,248
319,227
343,227
356,244
343,252
320,251
216,381
238,362
262,351
277,354
289,349
307,356
321,365
307,380
291,391
273,396
254,397
232,394
229,379
257,370
273,368
288,365
310,366
288,371
272,374
256,375
# } 
# Left iris [x,y,r] { 
331
239
14
# } 
# Right iris [x,y,r] { 
201
242
14
# } 
# Face bounding Box [top(x), left(y), width, height] { 
98
138
337
336
# }