# File name { 
8032561_pre_repose.png
# } 
# 68 facial Landmarks [x,y] { 
46,324
49,399
58,462
73,524
99,580
135,629
186,665
247,690
316,694
381,679
436,645
485,606
519,556
543,499
554,437
550,371
550,312
80,238
106,202
151,187
200,187
243,203
326,195
370,176
419,172
466,188
493,220
286,255
288,296
290,336
293,378
246,421
270,432
296,438
323,430
346,418
134,281
153,249
196,246
227,279
198,287
161,290
349,271
378,239
418,239
436,264
415,275
382,276
217,537
246,516
280,506
301,511
326,505
365,513
405,524
367,546
330,555
303,559
281,559
247,555
232,537
281,530
302,529
327,527
389,526
328,531
302,534
281,534
# } 
# Left iris [x,y,r] { 
397
255
26
# } 
# Right iris [x,y,r] { 
177
262
26
# } 
# Face bounding Box [top(x), left(y), width, height] { 
-81
109
626
563
# }