# File name { 
8032758_post_smile.png
# } 
# 68 facial Landmarks [x,y] { 
14,340
9,414
9,485
17,551
26,624
62,685
118,738
187,777
270,806
356,806
434,779
497,731
539,671
563,603
569,525
582,453
580,373
93,272
123,245
176,244
221,256
257,267
367,267
410,252
450,251
495,257
527,289
311,318
309,364
306,409
302,455
239,479
264,493
291,505
329,507
363,506
123,356
163,315
206,315
235,340
203,353
159,353
376,349
410,322
452,323
487,359
447,364
409,362
176,568
209,546
251,541
270,551
296,551
350,577
420,621
347,627
299,628
256,628
217,616
191,598
196,576
219,566
242,569
270,576
390,616
295,599
254,596
221,590
# } 
# Left iris [x,y,r] { 
431
342
28
# } 
# Right iris [x,y,r] { 
185
334
28
# } 
# Face bounding Box [top(x), left(y), width, height] { 
45
173
568
565
# }