# File name { 
8032758_pre_smile.png
# } 
# 68 facial Landmarks [x,y] { 
46,361
46,425
56,481
68,543
87,600
114,643
165,679
228,700
294,709
361,701
426,679
479,640
509,588
525,531
532,467
534,402
523,334
91,307
118,284
156,271
197,271
232,283
333,263
369,246
412,236
451,243
479,268
286,319
287,355
287,391
287,429
235,465
259,470
285,475
313,475
336,472
138,348
166,337
192,332
226,338
195,341
167,346
347,331
383,310
414,309
438,318
414,327
385,329
189,543
213,525
245,518
262,525
284,523
327,541
364,569
332,577
298,581
268,583
240,579
213,563
205,543
242,542
269,548
296,551
342,565
296,560
267,561
241,558
# } 
# Left iris [x,y,r] { 
392
319
25
# } 
# Right iris [x,y,r] { 
182
339
24
# } 
# Face bounding Box [top(x), left(y), width, height] { 
36
196
476
476
# }