# File name { 
8043719_pre_repose.PNG
# } 
# 68 facial Landmarks [x,y] { 
56,206
50,262
45,317
53,366
70,410
102,444
147,466
196,482
254,488
311,482
368,468
420,446
458,411
474,364
484,310
486,256
480,196
90,161
111,139
145,128
183,127
217,137
293,126
331,115
370,114
406,124
431,148
253,164
251,190
250,215
248,242
208,282
227,283
247,285
272,286
294,288
128,190
150,169
182,167
204,183
183,193
152,195
311,181
336,156
367,157
392,178
367,188
335,188
163,357
196,340
219,332
237,338
260,332
297,342
330,358
301,360
272,359
246,359
220,356
198,353
186,351
222,348
243,348
267,348
313,355
268,345
244,344
223,342
# } 
# Left iris [x,y,r] { 
351
173
22
# } 
# Right iris [x,y,r] { 
168
181
22
# } 
# Face bounding Box [top(x), left(y), width, height] { 
31
79
411
408
# }