# File name { 
8043719_post_smile.PNG
# } 
# 68 facial Landmarks [x,y] { 
80,258
75,312
78,365
88,418
108,466
142,512
191,538
244,560
303,565
364,555
407,525
445,487
471,445
484,393
483,344
480,295
473,253
116,216
137,189
171,177
209,179
242,190
328,195
361,185
396,185
427,197
448,221
290,230
292,256
295,282
298,309
248,339
271,343
295,346
319,340
338,332
165,250
189,228
211,227
239,245
215,253
189,255
340,245
360,228
385,225
413,244
386,248
361,248
215,409
249,391
283,379
305,381
324,375
354,381
380,391
359,411
334,425
309,430
282,431
248,424
233,408
279,399
304,397
329,392
368,393
327,414
296,416
263,413
# } 
# Left iris [x,y,r] { 
374
237
16
# } 
# Right iris [x,y,r] { 
201
241
16
# } 
# Face bounding Box [top(x), left(y), width, height] { 
75
123
407
406
# }