# File name { 
8060750_post_repose.png
# } 
# 68 facial Landmarks [x,y] { 
96,240
96,296
98,348
100,397
116,444
144,481
185,507
231,525
281,536
333,528
383,511
427,485
458,448
478,400
480,348
476,296
473,242
136,192
154,161
183,144
220,146
250,160
337,152
366,138
399,137
425,157
438,189
289,201
288,226
287,251
286,278
242,321
263,321
283,322
306,324
326,328
167,215
189,199
218,198
239,216
219,220
191,220
342,215
363,197
389,197
408,214
390,219
361,220
206,397
231,380
259,373
277,380
295,377
323,390
345,409
323,415
300,415
278,414
257,411
232,406
224,397
257,394
278,396
297,397
331,407
295,398
277,398
257,396
# } 
# Left iris [x,y,r] { 
377
208
18
# } 
# Right iris [x,y,r] { 
204
211
18
# } 
# Face bounding Box [top(x), left(y), width, height] { 
111
114
379
379
# }