# File name { 
8060750_pre_smile.png
# } 
# 68 facial Landmarks [x,y] { 
81,252
79,327
77,399
84,466
111,529
150,579
201,620
259,651
327,659
391,639
445,603
489,560
527,511
545,447
550,383
548,316
543,248
125,212
147,179
188,168
233,179
271,199
362,192
399,172
439,164
477,180
498,214
314,248
315,283
316,318
318,356
270,408
295,407
321,405
348,401
371,397
157,254
185,237
224,239
247,263
223,268
184,268
368,261
400,236
436,240
466,259
435,268
399,269
242,518
279,491
320,475
346,480
365,471
391,477
408,492
399,525
375,544
345,550
312,550
273,540
266,515
312,502
340,498
365,492
394,494
367,510
341,515
312,517
# } 
# Left iris [x,y,r] { 
418
253
24
# } 
# Right iris [x,y,r] { 
204
251
24
# } 
# Face bounding Box [top(x), left(y), width, height] { 
88
143
473
473
# }