# File name { 
8060750_post_smile.png
# } 
# 68 facial Landmarks [x,y] { 
81,252
80,306
80,358
83,408
102,453
133,489
175,517
220,538
272,547
324,534
371,511
414,484
449,449
470,403
473,350
467,301
464,248
119,207
138,179
168,164
205,167
233,180
318,169
347,154
380,152
409,169
424,198
270,216
270,241
269,265
268,292
222,333
245,333
268,333
292,333
314,334
150,230
174,221
197,220
221,229
197,229
175,230
322,228
347,217
371,218
395,227
370,227
348,227
178,398
214,389
250,384
273,390
295,387
327,394
355,402
335,421
305,429
276,429
246,426
211,416
196,401
244,400
270,402
295,401
343,404
298,414
272,414
245,411
# } 
# Left iris [x,y,r] { 
355
222
19
# } 
# Right iris [x,y,r] { 
188
225
18
# } 
# Face bounding Box [top(x), left(y), width, height] { 
72
117
390
390
# }