# File name { 
8061200_pre_repose.png
# } 
# 68 facial Landmarks [x,y] { 
115,250
114,315
128,373
147,430
162,482
184,541
225,583
276,614
340,623
402,612
455,580
500,540
523,490
542,437
554,375
567,306
560,235
137,212
160,172
203,160
246,165
288,178
364,168
408,154
453,146
497,158
522,191
325,221
325,257
324,292
324,329
284,366
305,369
328,370
354,367
376,362
183,237
209,216
244,214
275,236
241,245
208,249
384,228
414,205
446,204
471,223
449,236
418,235
255,466
276,423
307,406
329,411
352,406
391,423
409,453
398,479
372,498
334,514
299,508
267,487
274,461
304,437
334,436
363,435
391,454
365,460
334,470
302,469
# } 
# Left iris [x,y,r] { 
429
215
21
# } 
# Right iris [x,y,r] { 
234
226
21
# } 
# Face bounding Box [top(x), left(y), width, height] { 
88
91
473
470
# }