# File name { 
8061200_pre_smile.png
# } 
# 68 facial Landmarks [x,y] { 
73,242
76,307
97,373
114,427
135,476
167,522
197,564
253,589
319,592
381,575
422,535
460,488
490,443
498,393
506,337
514,266
507,200
92,195
112,160
155,151
196,154
237,167
308,158
350,144
393,135
438,141
466,169
275,205
278,241
281,277
285,315
244,353
269,353
295,351
323,340
346,328
136,229
163,206
196,202
229,219
196,230
164,235
332,208
364,188
392,188
428,207
394,207
367,208
224,438
253,407
292,386
317,384
339,375
378,379
404,392
393,434
365,462
332,470
293,471
253,463
243,436
290,419
322,410
352,402
385,400
358,429
328,436
295,437
# } 
# Left iris [x,y,r] { 
379
199
21
# } 
# Right iris [x,y,r] { 
187
214
21
# } 
# Face bounding Box [top(x), left(y), width, height] { 
36
91
471
468
# }