# File name { 
8063021_pre_smile.png
# } 
# 68 facial Landmarks [x,y] { 
68,318
64,383
65,444
71,503
93,553
132,592
183,620
237,642
295,651
353,646
411,629
475,605
519,561
551,504
552,440
547,377
542,308
109,292
137,264
182,254
227,253
267,264
334,246
375,234
420,231
463,240
493,267
297,297
297,332
295,366
292,402
255,431
270,437
288,442
312,444
334,443
155,315
181,290
213,286
244,307
214,318
183,321
360,297
384,270
414,265
445,281
418,302
390,306
192,495
224,485
246,478
260,485
280,484
319,498
367,512
327,525
290,534
260,537
235,532
218,515
213,495
244,497
266,502
290,506
345,512
292,510
268,510
236,505
# } 
# Left iris [x,y,r] { 
402
283
20
# } 
# Right iris [x,y,r] { 
198
302
20
# } 
# Face bounding Box [top(x), left(y), width, height] { 
36
194
471
471
# }