# File name { 
8066914_pre_repose.PNG
# } 
# 68 facial Landmarks [x,y] { 
44,189
51,246
62,300
75,350
94,399
125,440
164,475
210,504
266,516
322,507
372,481
413,447
442,403
460,355
473,305
484,249
488,191
84,144
109,113
149,100
191,102
230,114
306,106
346,97
387,96
425,111
450,140
265,164
264,189
263,215
261,242
228,291
245,290
262,290
281,293
299,294
127,189
153,162
187,161
213,179
185,187
155,191
325,177
352,163
385,161
411,185
385,190
353,190
197,368
217,346
244,330
260,338
277,333
305,353
333,372
307,391
284,395
260,393
234,391
211,389
212,367
242,358
261,361
281,363
313,368
280,371
259,372
239,369
# } 
# Left iris [x,y,r] { 
369
174
21
# } 
# Right iris [x,y,r] { 
171
177
21
# } 
# Face bounding Box [top(x), left(y), width, height] { 
77
80
417
414
# }