# File name { 
8066914_post_smile2.PNG
# } 
# 68 facial Landmarks [x,y] { 
27,261
35,324
52,379
68,435
92,488
130,532
173,572
226,604
290,611
351,601
404,568
442,521
469,473
485,419
500,361
509,300
508,238
69,222
98,192
139,177
185,178
227,188
312,167
352,153
397,149
438,162
465,192
270,229
272,262
273,293
274,327
233,370
254,372
276,374
299,372
320,369
113,271
145,237
185,234
211,251
182,267
147,270
335,245
361,217
402,217
431,243
398,249
363,252
195,436
231,419
263,404
278,408
294,405
324,420
373,429
333,456
308,472
281,479
252,476
226,461
213,439
257,439
279,441
301,440
343,438
301,436
280,440
257,438
# } 
# Left iris [x,y,r] { 
381
231
25
# } 
# Right iris [x,y,r] { 
165
250
25
# } 
# Face bounding Box [top(x), left(y), width, height] { 
40
96
496
496
# }