# File name { 
8066781_pre_smile.png
# } 
# 68 facial Landmarks [x,y] { 
46,279
43,344
51,420
62,489
89,554
126,605
186,671
251,697
339,717
412,684
462,635
496,592
519,544
541,490
557,425
572,353
574,283
118,227
148,190
193,171
246,173
293,187
391,185
434,168
479,163
522,181
541,225
345,228
348,266
351,304
355,344
310,398
333,396
354,393
372,391
388,388
158,243
190,212
224,212
261,243
222,254
189,256
397,244
436,221
463,219
491,248
464,260
430,257
266,517
302,488
350,461
376,468
394,460
417,471
439,494
420,544
397,560
366,549
322,537
301,537
294,519
356,495
379,492
398,490
419,503
391,523
360,519
336,512
# } 
# Left iris [x,y,r] { 
449
237
21
# } 
# Right iris [x,y,r] { 
208
230
21
# } 
# Face bounding Box [top(x), left(y), width, height] { 
45
110
570
569
# }