# File name { 
8066781_pre_repose.png
# } 
# 68 facial Landmarks [x,y] { 
29,275
24,338
35,418
51,474
76,524
112,573
162,628
227,659
307,673
393,639
440,591
480,547
499,499
518,446
530,394
543,336
538,273
99,208
126,177
168,161
219,162
264,176
355,179
396,167
440,166
478,183
502,216
311,217
313,248
316,279
320,312
279,368
299,365
320,361
339,360
355,359
127,227
166,198
199,198
234,225
203,236
163,240
363,236
398,208
427,206
460,238
431,242
398,241
234,491
285,456
329,435
354,440
367,430
395,440
411,470
386,486
370,491
344,496
308,492
282,495
263,486
330,464
358,464
382,464
388,468
362,469
335,469
313,472
# } 
# Left iris [x,y,r] { 
412
220
21
# } 
# Right iris [x,y,r] { 
181
213
21
# } 
# Face bounding Box [top(x), left(y), width, height] { 
88
91
473
470
# }