# File name { 
8066914_pre_smile.PNG
# } 
# 68 facial Landmarks [x,y] { 
46,238
51,288
59,337
77,390
94,434
125,475
162,510
208,538
265,550
324,544
375,518
416,481
441,436
458,388
469,337
477,285
483,226
84,192
109,162
147,148
188,148
227,159
301,150
340,141
381,139
420,153
444,181
263,201
261,229
260,257
258,286
222,330
240,331
257,332
277,334
296,335
127,234
152,210
186,205
211,221
186,232
155,236
328,222
350,200
383,202
407,226
378,234
351,232
187,398
209,384
233,372
247,379
265,374
294,391
320,414
297,425
272,431
249,432
226,428
206,415
204,399
234,398
252,402
271,404
303,412
269,399
251,400
233,398
# } 
# Left iris [x,y,r] { 
367
214
21
# } 
# Right iris [x,y,r] { 
170
219
21
# } 
# Face bounding Box [top(x), left(y), width, height] { 
76
79
409
406
# }