# File name { 
8069924_post_repose.png
# } 
# 68 facial Landmarks [x,y] { 
97,279
94,340
102,395
109,444
127,492
152,537
187,580
234,610
295,617
360,615
413,595
459,560
496,513
514,461
517,409
514,358
517,300
136,266
165,241
208,234
250,239
291,248
355,243
396,237
434,239
466,256
481,286
313,290
310,320
306,349
303,382
251,403
274,411
298,416
323,416
344,413
169,297
203,281
228,281
257,299
228,305
205,307
364,302
394,287
426,289
442,306
424,318
395,314
230,477
258,463
284,455
309,467
331,456
358,468
382,483
361,496
337,506
311,508
285,504
254,493
247,479
276,476
312,480
338,476
367,480
336,475
309,479
280,476
# } 
# Left iris [x,y,r] { 
410
299
16
# } 
# Right iris [x,y,r] { 
216
293
16
# } 
# Face bounding Box [top(x), left(y), width, height] { 
87
142
470
470
# }