# File name { 
8069924_pre_smile.png
# } 
# 68 facial Landmarks [x,y] { 
58,310
55,385
60,454
76,521
110,571
149,622
204,658
264,683
328,680
387,662
433,627
474,585
506,535
524,475
525,417
514,360
507,304
97,290
126,260
172,248
222,254
269,266
335,259
375,246
416,240
454,249
478,277
299,308
301,343
304,378
308,416
254,454
282,456
312,456
338,443
359,430
133,320
166,297
204,295
232,322
202,333
162,333
347,315
375,289
414,291
443,318
413,324
375,323
246,549
290,511
320,490
345,490
359,473
383,469
414,482
401,503
389,533
368,545
329,544
286,549
279,535
324,511
350,496
366,491
389,485
377,494
365,507
329,519
# } 
# Left iris [x,y,r] { 
395
307
28
# } 
# Right iris [x,y,r] { 
183
314
28
# } 
# Face bounding Box [top(x), left(y), width, height] { 
36
196
476
476
# }