# File name { 
8069924_post_smile.png
# } 
# 68 facial Landmarks [x,y] { 
93,289
93,353
103,411
114,463
134,512
164,557
202,598
254,626
319,636
381,625
428,595
471,556
505,506
523,454
524,401
515,352
518,293
132,274
161,246
204,238
250,242
292,252
352,245
389,232
426,228
460,239
481,268
315,289
312,322
311,353
310,388
255,405
280,416
307,422
335,411
358,398
171,298
203,282
229,283
258,298
228,305
201,305
361,297
393,283
417,283
437,301
417,302
393,301
240,477
278,460
314,450
340,452
358,439
388,441
415,452
397,476
380,498
351,509
316,507
275,499
263,480
306,473
337,465
364,453
394,456
373,471
347,480
309,483
# } 
# Left iris [x,y,r] { 
406
293
16
# } 
# Right iris [x,y,r] { 
216
293
16
# } 
# Face bounding Box [top(x), left(y), width, height] { 
87
142
470
470
# }