# File name { 
8069924_pre_repose.png
# } 
# 68 facial Landmarks [x,y] { 
41,281
42,352
55,420
73,484
103,543
144,593
197,636
258,665
330,669
398,650
451,613
497,568
533,513
555,448
554,382
544,321
534,264
79,261
109,224
158,212
211,214
260,224
330,209
375,193
424,186
468,197
497,229
293,269
295,309
297,348
298,390
251,431
276,432
303,430
330,425
353,418
125,293
158,262
198,261
232,286
201,299
159,302
351,276
383,248
428,242
451,269
428,280
389,282
232,530
268,497
301,480
329,485
352,472
380,480
403,494
384,517
360,535
333,541
304,540
271,532
254,523
295,510
326,507
352,498
385,495
355,497
330,503
301,504
# } 
# Left iris [x,y,r] { 
407
261
28
# } 
# Right iris [x,y,r] { 
179
280
28
# } 
# Face bounding Box [top(x), left(y), width, height] { 
36
143
473
473
# }