# File name { 
9141799_pre_repose.PNG
# } 
# 68 facial Landmarks [x,y] { 
72,314
64,376
73,433
83,493
101,552
122,609
157,655
207,687
268,704
328,693
379,663
420,622
449,569
464,515
478,458
496,400
496,337
114,266
138,238
176,226
219,230
256,247
331,251
371,244
410,247
445,264
464,293
290,301
288,336
286,372
284,409
230,443
252,457
278,455
304,460
329,456
155,304
175,288
205,290
232,308
204,314
175,314
339,318
364,300
394,301
416,325
393,329
365,328
195,543
216,517
226,512
243,527
268,524
290,545
345,576
320,579
298,586
264,588
233,582
211,566
217,539
238,549
263,553
289,554
314,563
288,552
263,555
238,552
# } 
# Left iris [x,y,r] { 
379
315
19
# } 
# Right iris [x,y,r] { 
190
301
19
# } 
# Face bounding Box [top(x), left(y), width, height] { 
76
212
407
407
# }