# File name { 
9141799_post_smile.PNG
# } 
# 68 facial Landmarks [x,y] { 
16,179
16,250
35,316
46,374
62,432
88,488
129,536
183,574
251,591
325,581
375,543
418,494
445,438
467,379
479,319
489,254
492,178
63,129
88,102
128,90
169,91
202,107
296,110
336,97
381,94
421,106
448,132
255,162
256,208
257,254
258,302
199,330
226,339
256,345
285,343
309,338
101,166
126,149
160,150
193,168
159,179
126,177
307,171
339,149
373,151
397,170
372,181
339,179
163,422
181,401
199,391
217,406
243,401
274,412
341,421
309,444
270,457
236,461
205,457
178,443
177,418
212,422
240,427
271,428
320,424
270,426
240,426
213,425
# } 
# Left iris [x,y,r] { 
357
165
21
# } 
# Right iris [x,y,r] { 
144
164
21
# } 
# Face bounding Box [top(x), left(y), width, height] { 
-71
39
549
495
# }