# File name { 
9181193_pre_smile.PNG
# } 
# 68 facial Landmarks [x,y] { 
41,272
41,344
47,409
64,465
89,528
121,582
166,628
219,661
286,675
350,661
407,628
447,581
470,524
487,464
502,405
509,337
503,276
89,232
115,202
153,189
195,196
229,217
337,215
372,196
413,188
449,203
470,232
281,275
280,315
279,354
278,395
219,421
247,428
276,434
310,428
338,419
126,285
153,265
188,265
224,285
190,295
156,296
337,285
372,259
405,258
430,274
408,288
372,288
198,510
224,490
241,487
261,492
288,484
328,491
357,514
339,532
317,548
284,553
252,548
221,532
222,510
257,504
283,505
309,502
338,515
313,516
284,519
257,515
# } 
# Left iris [x,y,r] { 
389
272
21
# } 
# Right iris [x,y,r] { 
172
279
21
# } 
# Face bounding Box [top(x), left(y), width, height] { 
39
151
494
491
# }