# File name { 
9181193_pre_repose.PNG
# } 
# 68 facial Landmarks [x,y] { 
31,262
35,332
42,395
65,455
84,514
115,567
161,609
217,637
283,649
354,642
407,610
452,569
480,507
494,447
509,385
511,318
506,248
69,209
95,172
136,156
182,164
220,184
323,169
363,148
408,140
446,156
470,188
267,243
267,281
266,318
265,358
214,406
240,406
264,406
295,405
322,404
113,258
140,240
176,239
210,261
175,272
138,273
328,255
362,225
399,222
426,243
403,258
365,260
194,498
215,472
240,465
259,471
282,464
315,474
361,495
333,513
301,523
271,527
243,524
214,513
211,495
246,495
270,494
295,491
343,495
297,493
271,495
248,492
# } 
# Left iris [x,y,r] { 
382
241
21
# } 
# Right iris [x,y,r] { 
156
252
20
# } 
# Face bounding Box [top(x), left(y), width, height] { 
40
96
496
496
# }