# File name { 
9229820_pre_repose.png
# } 
# 68 facial Landmarks [x,y] { 
82,235
74,294
83,346
94,396
111,441
138,480
178,506
224,520
271,525
320,519
365,502
401,476
424,436
438,390
444,341
447,291
445,235
118,193
136,166
166,154
200,161
230,174
314,173
345,162
378,155
408,165
424,193
273,209
273,240
274,271
275,303
235,340
255,341
274,342
295,341
312,339
157,218
173,205
198,203
222,222
198,222
175,223
320,222
342,203
366,202
386,215
369,225
346,224
199,411
227,403
252,397
266,403
284,396
311,402
333,413
313,421
290,426
267,428
245,427
221,420
212,410
249,412
269,413
288,411
319,412
288,411
268,412
249,411
# } 
# Left iris [x,y,r] { 
354
212
16
# } 
# Right iris [x,y,r] { 
185
211
16
# } 
# Face bounding Box [top(x), left(y), width, height] { 
77
80
414
411
# }