# File name { 
9229820_pre_smile.png
# } 
# 68 facial Landmarks [x,y] { 
59,274
52,332
62,388
72,436
90,480
117,518
159,546
207,561
257,566
308,557
354,537
389,508
411,469
424,424
427,375
432,325
430,269
81,214
100,184
134,178
169,188
198,205
296,205
326,192
358,185
389,193
407,220
250,242
251,274
253,305
254,337
206,369
230,372
254,373
278,368
298,361
131,253
151,239
175,237
196,256
176,257
151,255
298,256
321,237
346,236
364,249
345,257
322,257
164,433
201,423
236,419
254,423
275,417
310,420
334,432
318,455
288,464
258,466
228,464
193,454
182,434
232,435
256,433
279,428
322,432
284,448
259,449
235,446
# } 
# Left iris [x,y,r] { 
333
247
16
# } 
# Right iris [x,y,r] { 
163
248
16
# } 
# Face bounding Box [top(x), left(y), width, height] { 
31
124
412
412
# }