# File name { 
9371600_pre_smile.png
# } 
# 68 facial Landmarks [x,y] { 
420,325
407,442
409,562
420,668
446,771
489,843
560,919
674,971
844,993
1036,974
1162,925
1241,862
1308,787
1350,694
1365,579
1363,453
1355,327
533,211
597,191
654,182
720,200
759,229
1002,222
1064,203
1121,198
1187,212
1229,235
837,289
836,350
833,403
826,454
709,534
755,553
823,556
904,549
970,543
544,330
598,293
672,289
726,331
675,345
602,347
970,335
1037,293
1113,296
1191,346
1117,348
1037,348
627,690
680,644
751,627
807,643
855,631
941,640
1063,681
1001,712
932,732
850,730
784,732
716,723
677,678
754,682
844,681
911,683
1013,680
912,686
844,684
754,683
# } 
# Left iris [x,y,r] { 
1077
326
46
# } 
# Right iris [x,y,r] { 
638
319
46
# } 
# Face bounding Box [top(x), left(y), width, height] { 
151
63
816
816
# }