# File name { 
9371600_pre_repose.png
# } 
# 68 facial Landmarks [x,y] { 
402,343
396,424
400,526
407,654
441,765
486,834
563,899
699,942
850,949
1010,940
1150,902
1217,847
1284,779
1329,699
1349,579
1354,466
1335,345
493,193
550,166
618,151
687,160
740,195
952,196
1018,181
1070,171
1138,183
1193,202
832,250
826,306
818,348
815,406
715,514
752,520
818,516
878,516
928,516
531,297
604,248
665,250
729,303
671,313
589,315
959,312
1032,262
1099,260
1177,324
1118,331
1034,327
629,676
683,604
744,590
790,608
880,595
956,628
1016,686
947,704
893,701
818,696
751,704
694,704
660,660
745,656
824,655
895,660
969,675
895,659
826,656
745,659
# } 
# Left iris [x,y,r] { 
1071
298
46
# } 
# Right iris [x,y,r] { 
634
291
49
# } 
# Face bounding Box [top(x), left(y), width, height] { 
161
67
870
869
# }