# File name { 
9402050_post_smile.PNG
# } 
# 68 facial Landmarks [x,y] { 
48,157
44,194
47,231
55,264
66,298
86,327
118,347
154,364
194,372
235,362
272,347
304,327
325,298
342,268
350,235
351,199
351,160
72,114
87,93
111,81
140,83
162,96
237,94
263,81
293,79
317,91
331,114
197,136
197,159
196,181
196,204
162,226
178,230
195,232
212,230
227,229
98,142
115,129
136,128
156,144
136,148
114,148
238,145
260,131
283,131
298,144
282,149
262,149
128,270
154,261
179,256
195,261
211,258
232,260
263,263
238,276
213,284
194,287
174,286
150,280
142,269
178,270
195,271
212,269
249,265
210,267
193,270
176,269
# } 
# Left iris [x,y,r] { 
272
138
14
# } 
# Right iris [x,y,r] { 
125
139
14
# } 
# Face bounding Box [top(x), left(y), width, height] { 
23
59
306
304
# }