# File name { 
9413001_pre_repose.PNG
# } 
# 68 facial Landmarks [x,y] { 
306,538
298,666
322,788
362,889
395,967
439,1046
513,1113
620,1154
748,1173
882,1146
1002,1108
1069,1036
1112,953
1141,868
1159,766
1169,653
1164,538
413,394
463,347
533,317
615,312
689,336
831,340
905,315
975,315
1043,340
1087,389
769,449
772,508
775,568
774,628
649,748
705,747
752,744
796,743
837,720
463,495
507,442
568,438
631,485
564,502
500,505
862,489
909,442
974,438
1022,477
972,491
909,489
608,924
632,927
650,864
678,876
708,858
753,878
823,927
761,930
731,929
693,927
661,930
636,905
624,896
660,895
688,903
714,897
789,915
711,897
688,905
657,893
# } 
# Left iris [x,y,r] { 
945
468
38
# } 
# Right iris [x,y,r] { 
536
467
38
# } 
# Face bounding Box [top(x), left(y), width, height] { 
276
174
937
937
# }