# File name { 
9413001_post_repose.PNG
# } 
# 68 facial Landmarks [x,y] { 
263,425
256,546
282,665
313,767
359,855
410,931
484,995
579,1037
691,1068
833,1041
947,987
1030,917
1071,826
1105,749
1136,653
1156,538
1139,424
330,338
392,286
476,265
567,276
642,309
796,296
874,258
966,236
1047,258
1098,313
716,429
717,500
716,570
712,642
607,679
655,701
710,718
766,707
816,695
426,455
478,414
535,412
592,452
535,464
484,466
832,458
880,424
934,420
996,450
935,469
882,471
544,802
589,789
609,787
632,801
668,792
713,806
870,836
738,848
717,853
666,855
612,842
567,822
582,807
610,814
639,825
698,830
766,838
697,831
643,823
608,814
# } 
# Left iris [x,y,r] { 
909
449
34
# } 
# Right iris [x,y,r] { 
509
437
34
# } 
# Face bounding Box [top(x), left(y), width, height] { 
270
171
920
919
# }