# File name { 
9458778_pre_repose.png
# } 
# 68 facial Landmarks [x,y] { 
61,257
57,333
58,394
67,461
94,521
135,567
189,601
251,622
319,624
386,613
444,587
492,550
525,499
542,439
550,377
550,313
540,253
101,193
137,174
174,160
213,164
249,170
345,164
388,154
430,147
476,160
498,194
302,211
304,246
306,281
308,318
264,379
287,376
311,373
336,371
358,370
150,225
176,204
211,201
242,221
210,237
178,235
359,224
387,202
419,201
446,223
420,230
388,230
218,492
273,457
304,442
325,447
347,439
373,449
402,478
375,462
354,463
328,464
300,464
272,468
247,475
300,458
325,457
347,454
379,461
346,452
324,454
299,454
# } 
# Left iris [x,y,r] { 
403
214
21
# } 
# Right iris [x,y,r] { 
194
215
21
# } 
# Face bounding Box [top(x), left(y), width, height] { 
36
92
478
474
# }