# File name { 
9458778_pre_smile.png
# } 
# 68 facial Landmarks [x,y] { 
68,176
64,252
65,323
76,393
108,456
160,499
215,539
276,567
348,570
415,551
468,511
511,465
542,411
558,354
566,291
558,235
555,175
122,111
142,88
169,81
212,82
250,88
361,88
384,76
431,75
467,85
503,109
313,132
316,170
319,208
323,248
277,300
304,299
330,296
357,287
379,276
150,141
182,120
218,120
242,140
216,153
182,157
361,136
392,113
426,113
453,139
426,140
391,142
247,411
302,373
331,353
352,354
377,344
397,350
421,361
406,390
397,410
370,419
333,422
300,421
269,400
333,376
355,365
376,355
409,368
383,390
341,403
303,406
# } 
# Left iris [x,y,r] { 
409
126
21
# } 
# Right iris [x,y,r] { 
197
132
21
# } 
# Face bounding Box [top(x), left(y), width, height] { 
89
36
477
478
# }