# File name { 
9560262_pre_repose.png
# } 
# 68 facial Landmarks [x,y] { 
57,218
56,298
63,368
83,432
105,496
131,545
183,584
248,608
322,626
392,603
453,576
506,539
530,481
548,428
557,362
564,289
568,213
96,162
124,121
173,106
224,108
270,124
354,128
402,109
454,102
505,117
531,155
314,189
314,226
314,262
314,299
273,357
295,355
317,353
341,353
364,353
143,208
171,180
214,180
249,202
212,219
171,220
375,206
410,180
452,180
480,206
450,214
408,215
229,458
260,429
294,409
319,417
343,409
378,428
408,456
384,470
351,474
322,475
292,475
256,470
250,452
295,446
320,444
344,443
388,452
345,443
320,443
296,441
# } 
# Left iris [x,y,r] { 
433
196
28
# } 
# Right iris [x,y,r] { 
195
196
28
# } 
# Face bounding Box [top(x), left(y), width, height] { 
89
92
477
474
# }