# File name { 
9560262_pre_smile.png
# } 
# 68 facial Landmarks [x,y] { 
28,229
25,305
32,374
53,436
77,499
108,552
161,598
230,622
304,642
378,610
444,572
483,525
505,474
524,423
535,361
541,288
549,217
71,162
98,123
148,105
198,111
243,132
331,139
377,121
426,114
476,125
504,160
289,199
290,242
291,285
293,328
240,359
264,367
295,370
328,363
353,353
114,218
147,183
190,185
221,212
191,222
147,227
352,218
386,190
429,186
460,215
426,227
389,229
202,463
246,437
287,421
313,425
340,414
382,423
408,441
393,477
359,497
321,502
280,500
233,489
228,459
283,449
314,443
345,436
391,444
354,467
317,471
283,465
# } 
# Left iris [x,y,r] { 
408
204
28
# } 
# Right iris [x,y,r] { 
168
203
28
# } 
# Face bounding Box [top(x), left(y), width, height] { 
-81
45
622
560
# }