# File name { 
9560262_post_repose.png
# } 
# 68 facial Landmarks [x,y] { 
55,328
62,399
70,468
84,531
104,591
138,640
188,680
261,715
329,725
400,708
453,677
498,627
528,578
539,522
552,454
571,391
574,321
104,248
135,198
189,183
244,186
293,202
384,207
433,194
481,191
526,206
548,248
337,275
337,312
338,350
339,388
294,441
315,442
339,444
362,442
383,441
150,291
183,265
233,264
270,289
226,303
185,304
397,298
428,272
479,271
505,298
473,310
427,310
223,553
261,517
298,500
326,506
355,504
392,518
433,557
397,565
371,567
341,571
301,571
267,564
254,541
300,541
325,541
350,544
410,551
355,530
329,529
301,532
# } 
# Left iris [x,y,r] { 
453
287
30
# } 
# Right iris [x,y,r] { 
209
279
30
# } 
# Face bounding Box [top(x), left(y), width, height] { 
45
108
562
562
# }