# File name { 
9605977_pre_repose.PNG
# } 
# 68 facial Landmarks [x,y] { 
31,249
26,308
32,369
43,422
66,472
98,515
146,546
200,570
262,576
321,561
370,533
410,497
437,452
453,401
460,348
457,292
450,230
65,198
85,165
124,150
167,154
205,164
290,148
328,135
368,131
403,147
422,179
249,208
251,239
253,268
256,301
209,351
233,348
257,346
281,344
302,343
108,220
132,202
163,199
194,223
162,229
134,232
299,219
331,201
360,201
381,214
361,222
332,222
180,449
212,419
246,400
266,404
284,396
312,410
331,430
316,445
293,455
267,459
241,462
209,458
202,444
240,431
264,429
286,425
316,430
286,426
265,429
242,432
# } 
# Left iris [x,y,r] { 
344
208
19
# } 
# Right iris [x,y,r] { 
150
211
19
# } 
# Face bounding Box [top(x), left(y), width, height] { 
31
125
413
412
# }