# File name { 
9631679_pre_smile.png
# } 
# 68 facial Landmarks [x,y] { 
174,467
149,599
154,748
173,868
218,985
254,1078
336,1170
423,1245
539,1272
687,1256
803,1203
888,1113
968,1012
1016,906
1059,773
1070,574
1052,477
312,429
364,416
436,428
505,452
566,477
731,485
805,471
864,451
925,445
987,458
629,569
618,626
611,688
607,743
505,821
539,842
574,872
632,865
683,859
343,524
406,498
459,505
514,549
459,556
403,554
755,587
826,545
875,548
925,584
876,603
821,600
446,929
488,906
501,910
529,931
572,941
616,961
699,1012
638,1048
577,1063
514,1061
463,1034
443,989
473,937
497,935
528,959
574,968
650,999
578,1000
533,997
492,976
# } 
# Left iris [x,y,r] { 
852
572
33
# } 
# Right iris [x,y,r] { 
432
522
33
# } 
# Face bounding Box [top(x), left(y), width, height] { 
40
153
500
497
# }