# File name { 
9949199_post_smile.PNG
# } 
# 68 facial Landmarks [x,y] { 
54,209
55,275
66,337
69,401
81,459
107,518
147,567
198,610
265,622
332,613
387,576
430,524
449,467
471,409
483,354
493,289
497,235
98,168
128,147
168,140
208,147
244,163
323,170
358,156
395,154
432,162
459,184
280,208
279,245
278,282
277,320
226,355
250,359
276,362
302,357
324,352
138,215
163,199
195,199
215,219
195,229
161,226
339,220
363,203
399,208
418,226
393,233
362,229
172,424
211,415
253,410
278,415
304,411
339,416
367,425
345,451
315,467
275,470
231,462
199,449
190,428
244,436
276,439
309,436
353,429
309,445
277,449
243,447
# } 
# Left iris [x,y,r] { 
380
216
22
# } 
# Right iris [x,y,r] { 
179
214
22
# } 
# Face bounding Box [top(x), left(y), width, height] { 
39
95
492
492
# }