# File name { 
9950030_post_smile.PNG
# } 
# 68 facial Landmarks [x,y] { 
112,226
110,271
115,308
123,354
133,388
155,418
188,440
225,456
265,463
305,458
341,444
374,422
394,389
407,352
413,313
417,272
414,230
148,200
169,185
194,179
218,182
241,191
294,192
318,184
343,181
368,187
385,203
269,217
268,241
268,265
268,289
236,313
251,316
267,318
284,317
298,315
180,217
194,205
215,206
234,224
213,226
194,225
302,225
321,207
341,207
354,218
342,227
322,227
209,361
230,355
250,353
263,358
278,354
301,361
321,370
304,379
283,382
265,381
247,379
227,372
221,362
248,366
265,369
281,369
311,369
282,368
265,368
248,366
# } 
# Left iris [x,y,r] { 
332
216
14
# } 
# Right iris [x,y,r] { 
204
216
14
# } 
# Face bounding Box [top(x), left(y), width, height] { 
115
146
279
280
# }