# File name { 
9952183_post_smile.png
# } 
# 68 facial Landmarks [x,y] { 
116,337
118,379
123,434
135,483
155,524
183,564
215,584
249,602
295,616
343,602
389,578
425,554
456,524
470,490
480,441
489,384
484,335
157,305
181,287
206,280
232,281
260,294
332,296
361,286
387,286
412,294
438,302
297,324
296,356
295,388
295,420
252,433
272,441
293,447
317,443
336,439
188,332
207,315
227,315
246,333
228,335
205,333
349,340
368,318
387,316
409,332
390,340
368,340
224,483
253,471
272,471
287,475
302,470
335,478
384,473
345,495
325,500
289,507
265,505
247,497
239,487
266,486
286,491
308,491
363,477
321,493
286,497
262,493
# } 
# Left iris [x,y,r] { 
378
329
14
# } 
# Right iris [x,y,r] { 
218
325
14
# } 
# Face bounding Box [top(x), left(y), width, height] { 
115
249
392
392
# }