# File name { 
9952183_pre_smile.png
# } 
# 68 facial Landmarks [x,y] { 
38,315
37,391
47,462
69,531
93,589
131,637
189,675
254,704
325,717
396,704
465,678
518,641
542,586
567,516
580,452
590,391
589,333
98,244
130,213
175,198
224,196
265,209
371,212
415,199
463,196
507,209
540,238
318,275
317,316
316,357
314,399
264,436
287,443
312,450
340,453
365,454
139,300
172,270
211,267
247,295
215,305
170,310
388,297
416,262
457,258
492,290
458,302
416,300
211,534
233,503
268,492
285,502
310,503
343,523
389,556
346,561
315,572
282,572
246,568
224,560
226,533
260,515
283,527
305,532
365,551
318,547
284,550
252,551
# } 
# Left iris [x,y,r] { 
438
279
28
# } 
# Right iris [x,y,r] { 
194
288
28
# } 
# Face bounding Box [top(x), left(y), width, height] { 
45
172
562
558
# }