# File name { 
9952183_post_repose.png
# } 
# 68 facial Landmarks [x,y] { 
119,335
119,387
127,435
139,481
156,523
183,560
223,585
265,604
312,610
357,602
398,582
433,554
456,516
469,475
479,429
488,381
486,329
152,302
173,282
204,274
236,279
263,292
333,297
362,286
393,281
426,285
450,303
299,330
299,360
300,389
300,419
265,445
283,448
302,449
321,446
337,442
190,331
208,318
232,320
255,339
230,340
208,340
345,339
369,320
393,319
410,330
394,340
371,341
245,506
266,492
287,485
302,488
318,484
343,487
367,495
346,506
324,512
306,515
288,516
266,514
260,502
287,498
304,498
321,497
354,495
320,496
303,498
287,499
# } 
# Left iris [x,y,r] { 
381
327
14
# } 
# Right iris [x,y,r] { 
219
328
14
# } 
# Face bounding Box [top(x), left(y), width, height] { 
134
244
328
328
# }