# File name { 
9964409_pre_smile.png
# } 
# 68 facial Landmarks [x,y] { 
191,448
166,548
155,652
148,747
157,846
206,925
278,991
367,1049
483,1092
605,1101
727,1078
858,1039
956,973
1014,876
1058,769
1067,655
1066,533
229,340
288,288
365,264
447,267
523,289
667,297
757,281
851,282
933,326
982,400
584,403
574,462
565,510
556,566
465,672
498,679
534,682
572,691
609,697
307,452
382,400
453,396
502,445
446,453
383,455
703,465
752,420
816,427
880,478
811,483
745,478
387,786
434,765
474,740
507,756
543,752
599,798
681,871
585,854
527,839
482,824
444,823
413,822
412,789
466,785
516,795
566,815
644,848
561,816
518,799
464,783
# } 
# Left iris [x,y,r] { 
781
450
41
# } 
# Right iris [x,y,r] { 
420
424
41
# } 
# Face bounding Box [top(x), left(y), width, height] { 
157
157
848
848
# }