# File name { 
9964409_post_smile.png
# } 
# 68 facial Landmarks [x,y] { 
88,288
89,342
87,392
90,441
107,487
142,519
188,542
238,558
296,562
354,554
406,537
457,515
494,485
530,443
541,390
539,344
519,290
120,238
144,202
181,186
224,184
262,196
329,194
369,183
413,182
451,199
476,230
292,247
291,270
290,293
288,316
250,366
271,364
290,362
312,363
333,364
170,273
196,248
222,248
248,266
222,269
197,272
343,266
368,248
394,250
427,267
395,272
366,272
214,434
242,412
274,399
295,402
317,395
346,402
403,411
355,426
325,427
299,427
273,432
241,437
231,429
275,418
298,416
322,414
377,415
322,413
298,415
275,417
# } 
# Left iris [x,y,r] { 
381
260
16
# } 
# Right iris [x,y,r] { 
210
259
16
# } 
# Face bounding Box [top(x), left(y), width, height] { 
114
117
387
387
# }