# File name { 
9964409_pre_repose.png
# } 
# 68 facial Landmarks [x,y] { 
220,451
195,569
187,658
185,772
190,855
223,954
297,1023
393,1081
522,1116
659,1112
770,1080
873,1031
953,979
1036,904
1077,816
1099,683
1096,574
274,328
339,280
395,264
461,277
540,296
739,319
820,304
899,320
965,359
1012,400
614,437
605,482
599,526
585,569
488,690
529,694
566,694
626,701
680,700
343,456
424,393
487,408
522,452
482,468
407,460
718,483
776,426
840,434
915,500
835,497
776,498
421,825
463,787
495,769
532,781
570,769
615,806
690,880
616,881
567,877
517,865
474,862
451,858
448,829
476,822
530,817
572,825
636,851
570,825
529,819
478,822
# } 
# Left iris [x,y,r] { 
804
459
41
# } 
# Right iris [x,y,r] { 
450
433
44
# } 
# Face bounding Box [top(x), left(y), width, height] { 
66
167
864
857
# }