# File name { 
9969385_pre_repose.PNG
# } 
# 68 facial Landmarks [x,y] { 
50,212
45,280
52,340
59,399
74,455
109,502
152,539
206,564
266,574
325,566
379,541
425,504
446,454
457,399
467,345
484,288
481,225
94,155
121,132
159,124
198,132
231,152
318,157
353,143
390,136
424,144
447,167
272,217
272,253
271,288
271,325
228,367
248,368
269,369
292,369
311,367
139,216
160,200
190,203
217,229
188,231
159,229
324,231
351,209
381,209
401,223
382,234
353,235
198,441
221,424
249,415
262,421
277,417
304,429
326,448
304,460
281,467
259,469
237,466
215,457
215,440
246,442
264,444
281,443
308,448
277,442
261,442
244,440
# } 
# Left iris [x,y,r] { 
365
221
16
# } 
# Right iris [x,y,r] { 
177
214
16
# } 
# Face bounding Box [top(x), left(y), width, height] { 
76
124
410
410
# }