# File name { 
9969385_post_smile.PNG
# } 
# 68 facial Landmarks [x,y] { 
112,267
110,312
112,355
123,397
136,436
158,472
186,501
219,525
258,537
299,533
336,513
368,484
393,451
411,415
421,373
431,331
431,286
146,222
168,210
194,208
220,218
241,234
309,238
332,225
358,219
383,226
401,240
269,282
268,311
266,338
264,366
229,387
245,392
261,396
280,393
297,389
175,274
192,262
214,265
231,288
211,286
189,283
308,294
328,274
350,274
364,286
350,294
329,295
197,430
219,422
246,420
262,424
278,421
307,425
325,439
310,459
287,469
263,471
238,466
214,454
207,432
244,435
263,437
282,435
313,439
284,453
264,454
242,450
# } 
# Left iris [x,y,r] { 
337
282
14
# } 
# Right iris [x,y,r] { 
202
273
14
# } 
# Face bounding Box [top(x), left(y), width, height] { 
100
177
343
343
# }