# File name { 
9969385_post_repose.PNG
# } 
# 68 facial Landmarks [x,y] { 
122,288
121,335
125,383
135,424
148,465
168,501
197,531
230,555
271,567
313,564
351,545
382,517
408,483
425,444
435,402
445,359
446,313
160,250
181,236
210,235
237,246
260,264
322,271
347,259
375,254
401,259
419,274
286,313
284,341
283,369
280,397
247,422
262,426
277,429
294,428
309,425
190,302
207,294
229,298
248,317
227,317
204,314
324,325
345,307
367,308
381,318
368,329
345,329
224,475
242,463
262,459
273,463
286,460
309,469
325,484
308,496
292,499
273,500
254,498
238,489
239,475
261,478
275,480
291,479
312,484
290,483
275,482
261,478
# } 
# Left iris [x,y,r] { 
355
317
14
# } 
# Right iris [x,y,r] { 
216
304
14
# } 
# Face bounding Box [top(x), left(y), width, height] { 
100
217
343
343
# }