# File name { 
7071738_pre_repose.PNG
# } 
# 68 facial Landmarks [x,y] { 
67,210
65,267
72,316
81,364
95,408
119,447
155,479
197,500
247,508
297,505
344,486
381,456
408,415
423,371
433,324
443,274
445,220
112,188
134,167
167,158
201,163
231,175
288,180
318,171
352,167
381,178
404,198
259,215
259,245
258,276
258,307
223,338
238,340
255,341
272,342
288,343
144,217
167,205
192,206
218,220
190,226
164,227
296,223
322,211
348,212
370,223
349,233
324,231
190,393
211,383
232,376
244,382
256,379
280,392
300,412
279,414
258,414
240,413
221,410
205,403
201,393
230,392
246,395
260,397
287,408
259,397
244,396
229,393
# } 
# Left iris [x,y,r] { 
335
214
16
# } 
# Right iris [x,y,r] { 
179
213
16
# } 
# Face bounding Box [top(x), left(y), width, height] { 
99
139
340
339
# }