# File name { 
7094090_post_smile.PNG
# } 
# 68 facial Landmarks [x,y] { 
39,261
38,329
42,391
51,446
72,496
104,537
151,567
206,585
269,596
332,583
391,562
442,531
472,488
491,438
500,380
500,318
492,249
70,173
90,137
128,122
171,130
206,151
307,146
345,126
389,117
429,132
451,167
255,204
254,240
254,276
253,313
207,357
231,360
256,362
284,359
309,355
113,219
137,201
170,201
205,224
169,227
138,229
311,223
348,199
380,198
404,215
379,225
348,225
171,429
201,413
236,407
261,414
288,406
329,413
361,427
337,443
301,449
269,450
236,449
199,444
188,427
233,428
264,429
294,425
344,426
296,428
266,429
235,428
# } 
# Left iris [x,y,r] { 
365
214
21
# } 
# Right iris [x,y,r] { 
159
217
21
# } 
# Face bounding Box [top(x), left(y), width, height] { 
39
95
496
496
# }