# File name { 
7373065_post_repose.PNG
# } 
# 68 facial Landmarks [x,y] { 
38,293
34,349
37,402
46,452
63,497
92,534
138,557
189,573
248,580
306,574
361,558
408,535
431,494
439,451
448,406
460,352
471,290
77,225
96,196
129,182
168,179
200,191
290,194
324,183
362,184
396,197
420,225
244,241
244,265
244,288
243,314
208,363
225,363
245,362
265,364
284,367
117,261
141,248
169,244
196,253
169,260
143,265
297,254
327,245
354,248
376,259
353,265
326,261
171,443
193,424
220,415
235,421
254,418
287,431
320,448
287,452
259,452
235,453
213,452
191,449
188,441
214,435
235,436
258,438
301,444
254,436
232,437
211,436
# } 
# Left iris [x,y,r] { 
344
253
16
# } 
# Right iris [x,y,r] { 
155
251
18
# } 
# Face bounding Box [top(x), left(y), width, height] { 
31
169
410
410
# }