# File name { 
7377344_post_repose.PNG
# } 
# 68 facial Landmarks [x,y] { 
46,250
49,352
67,440
82,523
108,600
150,668
211,718
283,753
366,768
447,752
520,715
576,660
617,593
647,521
666,442
686,355
692,260
104,175
142,130
200,110
266,121
322,146
438,142
494,121
555,113
610,133
646,176
378,221
376,276
374,329
372,385
307,441
338,445
368,447
401,445
430,441
171,236
210,217
255,214
302,236
254,247
209,250
450,240
501,212
546,215
583,239
547,254
501,251
242,556
290,524
341,504
369,513
396,504
442,524
478,556
445,576
403,584
364,584
325,583
280,575
266,553
330,538
366,540
399,538
456,549
398,538
364,541
329,540
# } 
# Left iris [x,y,r] { 
521
232
26
# } 
# Right iris [x,y,r] { 
237
229
30
# } 
# Face bounding Box [top(x), left(y), width, height] { 
53
53
667
667
# }