# File name { 
7377344_post_smile.PNG
# } 
# 68 facial Landmarks [x,y] { 
26,197
11,304
24,390
51,479
89,555
136,615
203,674
282,700
367,705
450,687
526,647
580,589
620,525
648,450
654,370
663,290
664,201
77,140
119,97
181,77
228,86
288,112
419,103
482,81
535,84
583,89
614,121
353,163
355,221
356,280
358,339
276,378
317,390
358,395
397,385
429,371
132,215
183,174
227,172
268,216
215,231
165,227
424,199
470,172
513,179
556,189
512,198
457,202
206,480
284,461
346,445
383,450
418,437
460,441
498,463
473,494
435,524
385,529
332,530
267,517
236,484
334,472
384,469
428,458
484,461
433,495
385,504
333,502
# } 
# Left iris [x,y,r] { 
486
182
37
# } 
# Right iris [x,y,r] { 
214
205
24
# } 
# Face bounding Box [top(x), left(y), width, height] { 
-96
-93
741
738
# }