# File name { 
7377344_pre_smile.PNG
# } 
# 68 facial Landmarks [x,y] { 
185,481
202,587
224,682
244,772
279,845
333,917
412,980
516,1012
636,1011
747,986
842,940
921,871
973,790
994,696
997,601
997,507
989,399
251,385
297,344
366,324
441,323
509,335
639,298
706,277
775,268
842,278
896,310
581,400
589,448
597,496
606,548
524,636
571,629
621,623
665,610
702,600
318,443
367,420
419,412
484,421
420,437
370,448
672,404
733,390
783,390
838,401
791,410
737,411
469,812
527,717
601,685
637,687
673,670
726,680
774,716
747,759
705,785
641,805
572,819
525,815
507,787
551,740
604,724
656,703
762,717
668,756
612,772
555,780
# } 
# Left iris [x,y,r] { 
725
386
30
# } 
# Right iris [x,y,r] { 
370
425
27
# } 
# Face bounding Box [top(x), left(y), width, height] { 
218
224
742
742
# }