# File name { 
7377344_pre_repose.PNG
# } 
# 68 facial Landmarks [x,y] { 
22,391
29,477
44,563
55,636
94,709
136,776
202,824
279,859
366,874
451,855
528,818
592,762
634,691
667,613
677,533
690,456
691,367
72,297
106,252
160,228
223,228
278,247
411,224
466,200
528,192
585,210
624,251
345,319
345,366
345,413
346,463
292,536
322,535
351,532
382,530
409,529
132,346
171,319
224,314
272,340
223,358
171,364
421,330
475,293
529,294
564,323
532,343
480,344
244,670
287,629
332,601
354,608
377,598
423,626
457,663
427,684
392,698
351,704
309,702
278,693
271,665
322,645
351,645
380,642
432,659
381,639
350,645
321,646
# } 
# Left iris [x,y,r] { 
499
319
27
# } 
# Right iris [x,y,r] { 
204
331
30
# } 
# Face bounding Box [top(x), left(y), width, height] { 
-97
129
745
671
# }