# File name { 
7396023_pre_repose.PNG
# } 
# 68 facial Landmarks [x,y] { 
39,184
30,239
31,285
41,334
58,383
80,423
119,462
157,488
202,500
253,495
305,477
328,437
345,397
357,356
379,276
381,235
374,194
102,141
122,119
148,112
178,120
200,136
262,138
289,125
322,121
352,133
371,160
229,176
228,202
226,229
223,258
176,299
198,297
219,302
238,308
256,310
106,180
126,163
159,167
172,180
154,183
130,185
268,184
294,171
319,173
335,182
318,188
296,188
129,368
152,359
173,360
186,369
202,366
222,378
264,403
235,411
205,413
179,411
158,400
151,385
143,368
167,374
180,381
195,382
244,396
195,382
179,382
166,375
# } 
# Left iris [x,y,r] { 
301
178
14
# } 
# Right iris [x,y,r] { 
142
171
18
# } 
# Face bounding Box [top(x), left(y), width, height] { 
30
73
379
378
# }