# File name { 
7458342_pre_repose.PNG
# } 
# 68 facial Landmarks [x,y] { 
1,195
1,248
3,296
11,342
26,384
52,421
91,449
138,467
191,473
239,463
285,443
321,412
340,374
352,335
361,296
370,251
372,204
28,149
54,126
88,116
126,117
158,130
232,133
266,122
301,121
331,132
349,152
196,174
195,204
194,232
194,262
154,295
172,296
191,298
211,298
228,297
69,182
91,168
118,169
148,185
118,191
91,191
237,186
265,168
293,169
312,184
293,193
267,192
133,360
152,342
175,333
189,337
206,333
227,344
254,367
236,378
214,380
187,384
165,381
147,373
147,356
169,351
187,353
206,352
232,360
205,356
186,357
168,353
# } 
# Left iris [x,y,r] { 
275
177
16
# } 
# Right iris [x,y,r] { 
105
176
16
# } 
# Face bounding Box [top(x), left(y), width, height] { 
-53
70
406
366
# }