# File name { 
7458342_post_repose.PNG
# } 
# 68 facial Landmarks [x,y] { 
166,537
172,642
202,747
219,843
250,926
304,1002
388,1050
485,1084
591,1094
695,1073
798,1039
887,988
953,918
987,830
1000,727
1011,624
1006,516
232,442
279,393
342,362
417,361
485,386
657,377
728,355
802,353
870,379
913,424
574,488
574,538
574,588
573,641
503,719
539,720
577,723
617,720
652,719
309,512
353,487
414,487
478,513
411,529
354,533
679,507
743,476
802,476
846,500
804,521
744,523
439,857
497,808
540,789
566,798
608,790
650,803
724,851
668,871
615,884
570,889
529,885
482,873
477,847
537,835
572,839
609,840
690,849
605,834
568,841
538,837
# } 
# Left iris [x,y,r] { 
773
483
36
# } 
# Right iris [x,y,r] { 
383
492
36
# } 
# Face bounding Box [top(x), left(y), width, height] { 
145
236
783
783
# }