# File name { 
7458342_post_smile.PNG
# } 
# 68 facial Landmarks [x,y] { 
191,547
194,647
211,745
231,844
263,924
319,997
392,1050
490,1084
608,1097
732,1084
829,1050
922,994
987,918
1028,838
1050,742
1054,635
1037,527
253,465
296,410
367,378
452,379
524,405
670,395
746,372
827,369
900,395
945,447
600,504
601,554
601,602
601,656
525,727
562,729
605,733
646,730
685,730
336,529
384,504
439,503
507,526
439,541
383,546
703,523
766,489
823,490
871,512
824,532
767,534
468,845
502,809
558,798
583,805
628,797
697,809
778,835
706,864
656,884
597,891
545,889
505,876
506,844
556,838
600,841
645,838
738,844
643,837
599,843
558,840
# } 
# Left iris [x,y,r] { 
787
511
44
# } 
# Right iris [x,y,r] { 
421
524
45
# } 
# Face bounding Box [top(x), left(y), width, height] { 
225
315
767
766
# }