# File name { 
7458342_pre_smile.PNG
# } 
# 68 facial Landmarks [x,y] { 
14,195
14,241
14,285
25,329
35,365
53,404
78,438
111,469
170,492
232,488
284,465
323,436
356,400
376,359
385,312
391,266
395,216
44,149
70,135
100,127
135,128
164,143
241,140
275,131
309,130
340,140
362,156
200,186
197,216
193,245
188,275
144,296
163,302
184,309
208,311
231,313
78,191
100,179
126,181
153,197
125,199
98,196
247,200
274,181
303,181
324,195
303,207
275,208
117,344
131,333
155,333
170,341
187,337
213,349
257,376
228,382
208,383
179,383
144,375
121,365
128,345
148,354
175,358
206,365
236,370
206,366
175,358
148,353
# } 
# Left iris [x,y,r] { 
285
189
16
# } 
# Right iris [x,y,r] { 
114
190
16
# } 
# Face bounding Box [top(x), left(y), width, height] { 
-60
37
481
434
# }