# File name { 
7462309_pre_smile.PNG
# } 
# 68 facial Landmarks [x,y] { 
195,470
202,621
206,761
213,890
252,999
324,1100
433,1178
574,1234
737,1254
909,1206
1053,1126
1130,1044
1177,935
1190,818
1195,689
1183,560
1162,426
290,349
355,304
443,273
539,270
609,295
783,222
864,191
940,208
1008,237
1054,261
692,357
694,445
698,523
698,602
564,677
627,692
695,698
761,691
832,681
353,435
421,396
490,390
551,428
491,438
404,446
810,385
884,374
946,371
1006,374
943,377
884,384
453,855
535,824
644,815
696,828
738,815
824,820
871,887
854,928
776,940
698,946
598,939
506,903
481,855
622,851
695,863
789,878
836,888
796,895
694,900
620,898
# } 
# Left iris [x,y,r] { 
908
377
51
# } 
# Right iris [x,y,r] { 
447
415
56
# } 
# Face bounding Box [top(x), left(y), width, height] { 
85
85
1099
1099
# }