# File name { 
7462309_post_repose.PNG
# } 
# 68 facial Landmarks [x,y] { 
25,184
23,233
27,278
35,320
49,359
71,394
106,420
148,438
196,443
245,435
285,416
319,387
342,351
355,310
361,266
362,220
356,171
49,149
67,123
97,111
130,110
160,116
215,106
245,97
278,96
307,108
325,132
189,148
189,172
190,196
190,221
156,261
174,259
192,258
212,258
229,259
80,161
100,147
124,147
149,161
124,167
100,170
226,158
253,143
276,141
294,152
277,161
254,161
123,326
148,313
175,304
193,308
212,303
241,311
261,325
243,334
219,337
197,337
175,336
148,332
137,323
175,320
194,321
213,319
248,324
213,319
194,321
175,320
# } 
# Left iris [x,y,r] { 
266
148
14
# } 
# Right iris [x,y,r] { 
109
155
14
# } 
# Face bounding Box [top(x), left(y), width, height] { 
24
60
310
308
# }