# File name { 
7462309_pre_repose.PNG
# } 
# 68 facial Landmarks [x,y] { 
217,417
227,584
231,735
256,877
314,987
392,1080
488,1150
609,1190
751,1218
892,1167
1011,1107
1096,1023
1177,920
1207,811
1215,680
1209,539
1183,397
301,277
371,218
456,200
531,198
596,210
776,169
860,133
947,140
1014,166
1067,194
697,296
701,366
708,439
711,504
592,619
649,629
715,621
782,617
829,607
362,373
425,325
491,316
572,363
498,377
422,384
804,337
880,293
939,290
1006,315
948,332
872,335
536,837
597,785
663,755
719,771
770,749
838,764
896,839
864,848
815,839
763,834
700,826
635,830
569,829
675,806
714,802
778,796
871,821
775,803
716,807
675,805
# } 
# Left iris [x,y,r] { 
904
308
53
# } 
# Right iris [x,y,r] { 
465
349
46
# } 
# Face bounding Box [top(x), left(y), width, height] { 
86
-157
1111
1232
# }