# File name { 
7487649_post_repose.PNG
# } 
# 68 facial Landmarks [x,y] { 
38,202
34,267
34,327
40,385
60,437
89,493
135,520
189,541
249,555
310,547
366,524
415,496
451,451
475,402
488,342
489,282
484,217
77,160
102,130
142,116
186,123
221,139
303,144
342,132
385,127
425,142
448,174
260,194
258,229
257,263
255,299
206,333
229,337
253,341
279,341
303,340
113,201
139,193
169,194
202,208
168,211
137,211
317,214
352,194
384,193
406,206
385,218
353,217
156,421
188,386
223,374
245,383
270,380
311,397
347,420
316,440
283,445
250,446
216,446
186,435
178,412
223,409
249,414
276,416
322,423
275,416
248,415
222,412
# } 
# Left iris [x,y,r] { 
363
204
21
# } 
# Right iris [x,y,r] { 
149
201
24
# } 
# Face bounding Box [top(x), left(y), width, height] { 
38
92
480
480
# }