# File name { 
7487649_pre_smile.PNG
# } 
# 68 facial Landmarks [x,y] { 
12,212
15,270
19,328
25,381
43,432
76,485
114,521
174,549
237,559
300,550
361,523
412,485
449,437
464,382
467,321
471,255
466,189
36,174
60,134
103,114
151,116
192,130
275,118
318,101
365,97
408,113
430,150
230,176
230,211
229,245
228,282
176,309
199,316
225,322
256,322
284,323
80,200
109,193
138,190
177,194
140,202
110,205
293,186
327,170
360,170
386,181
360,191
329,191
134,408
154,369
182,358
199,371
225,367
266,389
319,427
271,439
237,446
201,446
170,450
150,428
154,398
181,392
204,400
230,406
283,421
231,409
203,411
179,406
# } 
# Left iris [x,y,r] { 
342
176
25
# } 
# Right iris [x,y,r] { 
122
196
26
# } 
# Face bounding Box [top(x), left(y), width, height] { 
-70
39
542
488
# }