# File name { 
7487649_pre_repose.PNG
# } 
# 68 facial Landmarks [x,y] { 
31,226
31,293
36,348
42,404
58,453
86,499
128,531
185,553
245,567
306,558
360,533
406,500
443,458
458,412
463,356
469,289
466,224
66,182
89,145
128,126
173,132
209,148
286,148
326,133
369,128
409,145
430,180
249,203
248,236
247,267
246,302
196,339
219,342
242,346
271,346
297,346
106,217
129,203
160,203
196,218
160,224
128,226
304,218
337,195
370,194
392,210
372,225
340,225
147,431
179,392
200,387
222,397
245,391
289,410
335,444
295,449
263,448
230,452
204,452
174,446
168,421
210,416
233,420
258,423
301,435
257,421
232,422
209,418
# } 
# Left iris [x,y,r] { 
354
210
20
# } 
# Right iris [x,y,r] { 
145
216
21
# } 
# Face bounding Box [top(x), left(y), width, height] { 
31
125
414
413
# }