# File name { 
7503861_post_smile.PNG
# } 
# 68 facial Landmarks [x,y] { 
3,210
1,257
6,303
26,344
52,381
79,413
118,435
160,451
207,456
250,444
285,424
313,399
333,369
350,333
359,294
362,257
358,213
46,147
65,122
95,111
128,113
157,124
226,128
256,122
286,123
312,135
328,157
194,176
195,199
197,222
200,247
164,284
183,284
202,282
220,280
234,278
84,185
101,175
125,175
145,186
124,191
102,193
233,187
257,175
277,177
292,188
277,192
257,190
143,361
171,332
199,315
212,318
222,312
246,322
262,343
255,365
234,376
213,380
191,376
168,367
162,357
192,338
211,335
227,333
253,342
231,355
210,359
188,358
# } 
# Left iris [x,y,r] { 
266
180
14
# } 
# Right iris [x,y,r] { 
112
179
14
# } 
# Face bounding Box [top(x), left(y), width, height] { 
-53
71
410
369
# }