# File name { 
7503861_pre_smile.PNG
# } 
# 68 facial Landmarks [x,y] { 
3,280
6,330
14,381
29,427
49,462
76,499
112,528
154,550
201,556
243,542
281,516
311,483
332,447
350,408
355,366
365,323
364,278
35,220
53,192
84,183
118,187
148,201
229,211
258,203
289,203
317,212
336,233
192,256
193,285
195,313
197,342
165,371
182,374
199,375
215,370
226,364
80,264
96,251
121,252
147,266
122,272
95,273
232,267
259,254
283,255
299,266
283,272
259,272
136,453
171,425
199,411
211,414
221,409
242,418
257,429
249,450
230,465
208,471
186,471
161,463
153,449
188,432
208,430
226,425
248,430
226,440
207,446
185,445
# } 
# Left iris [x,y,r] { 
273
258
16
# } 
# Right iris [x,y,r] { 
108
261
14
# } 
# Face bounding Box [top(x), left(y), width, height] { 
-52
150
404
365
# }