# File name { 
7507401_post_repose.PNG
# } 
# 68 facial Landmarks [x,y] { 
31,199
24,270
25,332
37,391
63,443
101,490
147,526
201,551
263,555
324,547
373,518
414,482
447,435
467,382
475,324
477,263
474,198
77,164
104,127
148,114
194,116
235,128
290,131
332,122
374,122
412,137
437,167
266,180
266,214
266,248
267,283
229,328
248,327
268,326
286,326
302,325
130,193
157,188
185,184
216,188
185,194
159,198
308,187
340,178
369,181
395,191
370,200
341,196
192,415
220,396
246,385
265,391
285,384
309,397
331,414
314,423
290,429
266,430
241,428
215,422
207,409
243,406
265,407
286,405
317,409
288,406
266,407
244,402
# } 
# Left iris [x,y,r] { 
355
178
18
# } 
# Right iris [x,y,r] { 
173
191
24
# } 
# Face bounding Box [top(x), left(y), width, height] { 
76
78
407
405
# }