# File name { 
7507401_pre_smile.PNG
# } 
# 68 facial Landmarks [x,y] { 
208,539
202,679
217,801
252,925
313,1032
393,1134
500,1207
622,1254
759,1250
884,1203
978,1135
1050,1041
1097,928
1110,833
1115,726
1116,606
1113,482
317,407
371,352
449,323
536,315
617,327
740,321
814,302
893,305
959,330
1009,378
689,431
698,495
708,557
719,627
650,746
693,736
735,720
769,712
800,702
399,476
464,467
526,457
591,459
527,483
467,495
770,436
836,437
890,441
950,448
893,449
838,444
638,954
716,873
761,810
801,811
829,791
879,803
921,836
889,901
847,934
817,942
763,944
709,953
691,930
745,888
787,869
825,853
890,854
833,887
796,902
753,907
# } 
# Left iris [x,y,r] { 
860
443
47
# } 
# Right iris [x,y,r] { 
495
476
50
# } 
# Face bounding Box [top(x), left(y), width, height] { 
259
163
879
880
# }