# File name { 
7507401_pre_repose.PNG
# } 
# 68 facial Landmarks [x,y] { 
190,553
185,692
204,815
241,935
294,1044
364,1148
463,1223
578,1277
711,1287
835,1252
933,1185
1010,1093
1058,988
1091,877
1111,764
1120,647
1106,517
294,439
351,372
434,339
525,327
610,337
724,318
803,300
888,305
961,339
1013,404
674,446
680,511
687,574
696,643
633,767
670,759
708,752
739,751
767,752
384,499
446,480
510,470
574,481
510,503
450,513
763,466
830,447
887,450
943,474
890,482
831,476
588,985
644,904
705,853
735,861
760,846
796,880
842,943
820,972
773,984
735,973
692,970
644,982
626,967
684,920
720,918
757,914
806,935
755,926
720,940
683,945
# } 
# Left iris [x,y,r] { 
853
464
47
# } 
# Right iris [x,y,r] { 
479
491
50
# } 
# Face bounding Box [top(x), left(y), width, height] { 
253
260
860
860
# }