# File name { 
7515896_pre_repose.PNG
# } 
# 68 facial Landmarks [x,y] { 
228,472
226,598
234,714
243,826
273,940
323,1034
394,1127
507,1194
633,1219
783,1191
892,1141
978,1067
1041,971
1082,863
1100,745
1117,623
1114,495
316,327
371,277
451,263
535,273
610,300
738,296
820,270
906,262
987,280
1040,326
674,420
671,491
667,563
661,637
575,730
614,732
656,733
698,740
741,746
382,426
438,391
509,397
581,446
499,462
434,461
772,447
847,404
913,403
961,440
913,467
852,467
490,893
534,845
601,819
634,837
672,828
734,867
767,928
729,964
671,981
618,982
573,973
520,952
519,895
589,880
623,891
663,896
729,926
658,906
619,908
585,906
# } 
# Left iris [x,y,r] { 
900
403
41
# } 
# Right iris [x,y,r] { 
463
402
41
# } 
# Face bounding Box [top(x), left(y), width, height] { 
251
159
855
854
# }