# File name { 
7515896_pre_smile.PNG
# } 
# 68 facial Landmarks [x,y] { 
250,431
240,547
245,675
245,791
266,898
315,1006
390,1098
480,1178
632,1233
776,1211
898,1149
991,1063
1045,964
1099,845
1121,715
1129,584
1127,460
351,333
402,284
476,268
555,278
628,306
764,292
841,267
924,258
1002,278
1049,334
690,405
684,482
678,560
669,639
564,693
608,706
659,718
711,723
759,726
407,421
460,397
524,397
592,439
519,443
457,443
827,464
861,402
927,401
1016,434
984,463
893,475
483,860
516,823
585,803
619,819
658,807
729,845
793,940
730,990
665,997
597,998
534,980
495,933
500,882
551,867
613,878
680,891
769,940
684,945
611,940
549,921
# } 
# Left iris [x,y,r] { 
926
420
41
# } 
# Right iris [x,y,r] { 
499
420
48
# } 
# Face bounding Box [top(x), left(y), width, height] { 
249
157
846
846
# }