# File name { 
7515896_post_repose.PNG
# } 
# 68 facial Landmarks [x,y] { 
29,246
28,293
32,340
39,380
55,418
76,452
104,479
140,500
180,509
220,499
258,478
290,452
313,417
330,379
341,336
342,291
336,243
52,210
70,192
98,188
125,194
149,204
209,200
236,190
263,184
291,189
310,206
179,236
178,263
178,290
177,317
148,342
162,344
176,345
194,344
210,342
79,238
95,228
118,228
143,242
118,244
95,245
217,244
242,227
266,226
282,235
266,246
244,247
124,398
137,380
160,372
172,375
186,372
213,382
233,399
221,424
201,434
176,438
152,436
131,426
135,397
159,395
176,397
194,396
223,400
196,412
176,414
158,411
# } 
# Left iris [x,y,r] { 
255
228
14
# } 
# Right iris [x,y,r] { 
107
231
14
# } 
# Face bounding Box [top(x), left(y), width, height] { 
23
158
304
304
# }