# File name { 
7516470_pre_smile.PNG
# } 
# 68 facial Landmarks [x,y] { 
15,284
26,337
42,381
52,423
68,463
91,500
124,528
161,548
205,554
247,541
285,518
320,491
348,455
364,415
370,371
378,325
378,274
43,233
64,213
97,209
130,215
158,229
220,214
250,196
283,189
318,194
341,213
189,262
189,292
189,320
189,350
156,374
174,380
191,382
212,376
230,369
78,271
100,265
126,263
153,270
128,277
102,279
230,267
259,264
282,266
304,269
281,272
260,272
136,451
161,429
190,417
207,419
222,413
251,419
272,427
262,456
237,471
209,477
181,477
153,472
148,450
184,437
205,434
227,429
264,430
230,447
207,451
184,452
# } 
# Left iris [x,y,r] { 
267
268
21
# } 
# Right iris [x,y,r] { 
115
271
21
# } 
# Face bounding Box [top(x), left(y), width, height] { 
-53
151
406
365
# }