# File name { 
7516874_post_repose.PNG
# } 
# 68 facial Landmarks [x,y] { 
22,198
24,239
28,278
40,316
52,351
71,383
103,408
143,423
190,431
234,422
271,399
297,369
316,335
327,297
333,258
336,218
334,176
41,138
57,116
83,104
113,103
136,111
209,99
235,87
262,84
289,91
307,112
175,144
176,169
178,193
180,219
155,258
168,256
181,254
196,253
208,253
73,162
87,149
112,146
136,156
113,163
89,167
214,151
239,130
264,130
279,145
266,155
241,156
124,323
147,306
171,296
183,298
197,294
219,303
240,312
223,322
203,328
184,331
165,331
144,329
140,321
165,314
181,314
199,311
227,313
200,311
183,312
166,313
# } 
# Left iris [x,y,r] { 
252
140
14
# } 
# Right iris [x,y,r] { 
101
153
14
# } 
# Face bounding Box [top(x), left(y), width, height] { 
-51
69
397
358
# }