# File name { 
7516874_pre_smile.PNG
# } 
# 68 facial Landmarks [x,y] { 
48,287
52,334
61,383
68,422
77,464
97,499
127,530
167,551
214,558
259,545
293,520
321,491
343,457
357,421
363,376
369,331
368,281
66,237
80,212
107,201
139,202
166,212
243,203
272,192
301,191
330,203
345,226
203,246
203,274
203,303
204,331
186,372
198,369
209,365
221,364
231,362
100,259
114,242
141,243
167,261
140,267
114,269
240,258
270,240
296,239
313,254
297,262
271,261
161,451
184,427
208,415
221,417
232,411
253,418
271,428
261,446
242,455
222,460
201,460
178,460
170,447
199,432
217,427
233,424
260,430
238,440
220,443
199,443
# } 
# Left iris [x,y,r] { 
285
247
16
# } 
# Right iris [x,y,r] { 
126
252
16
# } 
# Face bounding Box [top(x), left(y), width, height] { 
29
153
371
371
# }