# File name { 
7516470_pre_repose.PNG
# } 
# 68 facial Landmarks [x,y] { 
31,255
35,310
47,357
58,401
72,442
96,479
130,507
167,528
210,533
253,524
293,501
325,473
351,438
365,396
373,352
381,305
380,253
53,219
77,199
113,196
148,205
179,219
234,209
264,194
299,185
334,192
356,214
205,253
205,282
206,312
207,341
181,372
195,375
209,376
225,373
237,368
92,258
114,250
140,250
166,263
139,267
114,268
245,261
271,257
293,258
316,260
293,263
271,262
155,438
180,423
204,413
221,416
235,410
254,416
268,427
257,446
239,458
219,461
199,460
176,453
170,437
201,435
217,433
232,431
255,429
233,431
218,433
203,432
# } 
# Left iris [x,y,r] { 
280
260
20
# } 
# Right iris [x,y,r] { 
128
254
16
# } 
# Face bounding Box [top(x), left(y), width, height] { 
30
154
372
372
# }