# File name { 
7516874_pre_repose.PNG
# } 
# 68 facial Landmarks [x,y] { 
16,238
19,286
25,335
33,371
40,412
59,450
87,482
124,504
176,515
224,504
264,480
293,450
318,413
331,370
339,329
348,285
346,235
27,186
42,161
70,153
102,154
130,165
217,156
245,144
277,141
307,152
321,175
173,200
172,228
172,256
171,285
145,316
159,318
173,319
188,320
202,320
70,215
81,200
109,198
137,213
109,222
82,224
212,213
242,195
270,195
285,209
271,219
243,219
125,405
148,389
170,377
180,378
196,372
208,378
232,385
214,399
190,405
170,409
152,409
138,408
139,399
156,386
172,387
189,384
220,385
189,387
171,390
154,391
# } 
# Left iris [x,y,r] { 
259
201
16
# } 
# Right iris [x,y,r] { 
95
208
16
# } 
# Face bounding Box [top(x), left(y), width, height] { 
-53
112
408
365
# }