# File name { 
7601472_pre_smile.PNG
# } 
# 68 facial Landmarks [x,y] { 
293,503
274,647
288,781
298,911
339,1025
403,1127
486,1193
566,1244
692,1258
802,1224
908,1163
984,1088
1069,964
1095,850
1097,723
1109,604
1112,477
366,365
427,325
498,330
557,349
619,368
797,359
875,365
939,375
993,387
1053,407
723,464
721,546
720,612
724,691
601,787
667,815
735,798
793,784
833,766
386,481
447,427
525,435
552,508
517,513
433,512
807,503
881,448
938,447
978,501
936,515
870,520
530,994
616,929
729,866
766,876
793,850
851,854
896,909
873,968
839,1025
761,1086
652,1081
582,1050
583,999
672,935
750,911
824,882
873,918
823,963
759,1005
672,1017
# } 
# Left iris [x,y,r] { 
904
479
43
# } 
# Right iris [x,y,r] { 
481
475
41
# } 
# Face bounding Box [top(x), left(y), width, height] { 
262
269
891
891
# }