# File name { 
7601472_post_smile.PNG
# } 
# 68 facial Landmarks [x,y] { 
48,145
42,191
48,240
54,282
64,323
81,362
111,390
148,411
194,418
237,407
274,386
309,358
335,324
349,285
356,245
359,201
358,154
63,79
79,67
106,59
136,63
162,74
234,77
264,74
293,79
317,91
332,111
197,120
197,147
197,175
198,204
162,236
180,236
199,235
218,232
234,228
84,123
109,100
133,104
147,125
131,132
104,131
236,132
262,107
285,107
299,126
285,134
263,134
123,304
154,279
189,268
205,269
220,264
249,268
266,279
252,311
227,333
200,340
172,340
142,329
138,302
180,288
203,286
225,281
259,283
226,309
203,313
178,314
# } 
# Left iris [x,y,r] { 
274
118
16
# } 
# Right iris [x,y,r] { 
117
114
16
# } 
# Face bounding Box [top(x), left(y), width, height] { 
24
24
312
312
# }