# File name { 
7601472_post_repose.PNG
# } 
# 68 facial Landmarks [x,y] { 
17,163
15,206
22,251
29,292
40,331
56,370
84,399
120,421
165,432
205,423
244,405
277,376
303,343
320,305
326,264
328,221
338,168
29,104
44,80
72,69
103,71
133,82
208,88
241,83
270,85
299,93
315,113
171,130
171,158
171,186
171,216
137,246
154,248
171,249
189,248
205,247
56,128
77,108
104,111
120,135
102,140
73,139
211,142
240,114
267,113
280,138
267,144
242,144
99,319
124,293
154,283
165,287
180,283
208,292
224,310
212,340
186,359
160,364
136,358
114,340
116,318
146,301
165,302
185,299
214,313
185,329
163,333
142,328
# } 
# Left iris [x,y,r] { 
251
132
14
# } 
# Right iris [x,y,r] { 
91
122
14
# } 
# Face bounding Box [top(x), left(y), width, height] { 
-52
29
404
364
# }