# File name { 
7605759_post_repose.PNG
# } 
# 68 facial Landmarks [x,y] { 
14,278
10,333
15,389
32,436
55,482
90,519
140,542
194,558
251,564
306,553
359,532
405,503
437,462
453,412
461,359
466,303
458,243
55,232
77,203
113,187
154,185
190,197
270,176
305,159
345,152
382,164
409,190
232,238
234,266
236,293
238,322
200,363
220,364
240,363
261,362
280,360
97,263
121,247
151,244
184,257
151,265
122,270
283,248
315,228
345,225
370,238
348,251
317,253
166,436
187,409
220,394
236,399
253,395
289,408
318,429
292,444
269,456
240,460
211,460
185,456
182,431
218,421
239,421
260,421
303,429
262,436
238,439
215,438
# } 
# Left iris [x,y,r] { 
331
232
18
# } 
# Right iris [x,y,r] { 
136
250
19
# } 
# Face bounding Box [top(x), left(y), width, height] { 
31
124
409
409
# }