# File name { 
7621323_pre_repose.PNG
# } 
# 68 facial Landmarks [x,y] { 
291,418
235,566
227,715
237,860
291,986
357,1110
463,1200
589,1268
727,1297
860,1269
972,1220
1073,1141
1142,1028
1193,903
1213,778
1218,649
1228,506
415,328
488,300
576,301
654,321
734,348
897,348
974,333
1051,329
1125,347
1175,408
808,473
808,564
807,634
808,703
681,776
740,797
797,805
848,811
894,815
498,459
556,422
626,427
678,489
614,486
541,479
896,524
963,469
1029,462
1075,527
1031,547
950,530
566,977
682,934
766,926
807,943
854,933
892,956
932,1012
870,1026
836,1041
780,1043
728,1030
666,1013
633,969
736,970
787,982
837,980
897,1000
835,980
791,984
732,972
# } 
# Left iris [x,y,r] { 
995
506
40
# } 
# Right iris [x,y,r] { 
592
451
52
# } 
# Face bounding Box [top(x), left(y), width, height] { 
204
84
1090
1090
# }