# File name { 
7621323_post_repose.PNG
# } 
# 68 facial Landmarks [x,y] { 
38,207
37,277
39,341
45,404
63,463
95,512
147,543
203,567
265,574
328,566
388,546
440,515
477,468
496,412
506,350
511,287
510,218
83,160
109,126
152,115
196,123
237,137
311,137
354,127
398,123
439,136
464,168
272,181
270,217
269,251
268,288
226,341
247,342
268,343
292,345
313,346
131,187
156,169
189,171
220,196
186,200
154,199
326,200
358,176
391,177
413,198
391,209
360,207
184,429
216,410
249,400
270,408
293,402
323,415
349,436
322,441
294,442
268,440
242,437
214,434
201,425
242,418
267,422
290,423
333,432
290,423
267,422
242,422
# } 
# Left iris [x,y,r] { 
374
189
20
# } 
# Right iris [x,y,r] { 
172
183
20
# } 
# Face bounding Box [top(x), left(y), width, height] { 
39
39
492
492
# }