# File name { 
7621323_post_smile.PNG
# } 
# 68 facial Landmarks [x,y] { 
11,202
11,264
13,322
19,377
34,429
64,473
116,501
171,521
235,527
300,519
360,501
414,474
452,433
472,383
481,327
481,269
482,208
49,127
75,91
121,80
167,83
208,98
274,105
320,95
365,93
409,104
438,133
239,148
238,181
237,214
236,249
190,298
212,299
236,300
263,301
288,301
99,163
125,149
156,148
187,161
156,167
126,170
295,165
327,146
357,149
381,166
356,172
327,171
145,377
177,361
212,355
236,361
264,356
302,363
335,373
301,385
265,390
236,390
209,387
178,383
161,374
209,369
235,373
264,370
320,374
264,372
235,372
208,369
# } 
# Left iris [x,y,r] { 
343
155
20
# } 
# Right iris [x,y,r] { 
145
153
20
# } 
# Face bounding Box [top(x), left(y), width, height] { 
-70
39
538
483
# }