# File name { 
7625560_post_repose.PNG
# } 
# 68 facial Landmarks [x,y] { 
42,272
43,328
51,379
59,427
75,474
103,513
146,542
199,560
256,565
314,559
370,542
414,511
448,474
467,428
474,378
476,329
472,271
69,172
90,140
126,126
164,129
194,146
311,159
346,147
383,145
417,156
437,182
256,218
256,250
255,281
255,315
216,362
236,363
257,364
278,365
296,365
116,230
138,215
170,216
207,231
172,239
139,240
306,234
341,218
374,220
394,234
372,243
341,243
171,437
207,424
239,417
256,425
276,420
308,433
350,450
315,457
284,461
255,460
228,458
199,451
191,438
231,435
254,440
279,440
327,448
280,440
255,440
231,437
# } 
# Left iris [x,y,r] { 
357
220
19
# } 
# Right iris [x,y,r] { 
157
221
19
# } 
# Face bounding Box [top(x), left(y), width, height] { 
-69
92
532
479
# }