# File name { 
7625560_post_smile.PNG
# } 
# 68 facial Landmarks [x,y] { 
23,261
22,312
27,362
32,411
46,456
71,496
109,529
157,552
216,562
275,557
333,541
381,508
416,470
436,425
455,378
451,324
446,270
48,173
68,148
100,140
135,147
163,164
287,175
321,164
356,162
388,171
411,190
228,234
226,270
224,304
221,339
175,366
196,372
219,378
245,377
267,376
90,239
113,227
142,229
175,246
142,248
113,247
282,249
314,234
345,233
364,245
344,253
315,254
124,419
158,413
191,414
207,422
229,420
272,430
323,433
282,450
244,454
212,453
183,447
153,436
143,421
185,432
212,440
242,441
302,438
241,436
211,435
185,430
# } 
# Left iris [x,y,r] { 
326
238
16
# } 
# Right iris [x,y,r] { 
130
235
21
# } 
# Face bounding Box [top(x), left(y), width, height] { 
-69
92
530
477
# }