# File name { 
7641470_post_smile.PNG
# } 
# 68 facial Landmarks [x,y] { 
13,153
8,201
5,246
8,291
27,331
55,368
93,399
135,424
188,436
238,425
284,401
319,366
340,325
357,284
366,240
374,198
364,149
43,107
61,81
89,67
121,70
149,81
223,72
252,59
284,57
312,69
329,94
187,126
188,148
189,170
190,194
144,226
166,230
190,234
213,232
234,230
79,138
94,124
120,124
146,137
121,140
95,141
226,136
253,116
280,115
295,130
280,138
255,139
95,283
127,269
150,262
170,268
194,264
230,275
275,295
248,317
221,337
188,345
152,342
117,320
106,287
157,290
185,297
214,296
264,297
214,307
186,316
155,316
# } 
# Left iris [x,y,r] { 
261
123
14
# } 
# Right iris [x,y,r] { 
109
127
14
# } 
# Face bounding Box [top(x), left(y), width, height] { 
-52
29
403
362
# }