# File name { 
7641470_pre_smile.PNG
# } 
# 68 facial Landmarks [x,y] { 
57,200
51,240
41,281
40,317
54,353
75,384
101,413
135,434
175,445
218,441
256,424
290,400
312,365
316,333
320,296
316,253
310,224
83,171
99,152
120,141
148,143
173,152
227,150
253,140
281,139
304,152
309,178
199,185
198,202
196,219
194,238
161,271
175,272
191,273
205,276
219,279
109,194
125,190
143,189
163,193
143,197
124,198
233,196
254,191
274,191
292,199
275,204
254,203
120,326
143,314
160,303
173,313
190,306
217,319
242,351
219,374
199,376
177,376
154,371
138,356
131,328
155,332
178,334
197,337
228,352
198,351
176,353
154,343
# } 
# Left iris [x,y,r] { 
254
189
14
# } 
# Right iris [x,y,r] { 
136
193
16
# } 
# Face bounding Box [top(x), left(y), width, height] { 
57
93
307
306
# }