# File name { 
7641470_pre_repose.PNG
# } 
# 68 facial Landmarks [x,y] { 
42,202
33,246
26,283
29,320
49,349
71,378
100,400
134,414
172,423
211,418
247,404
276,382
293,352
305,318
310,283
309,245
307,205
68,153
82,131
104,118
131,118
154,129
208,126
232,117
257,117
278,129
290,151
182,169
182,185
182,200
182,217
151,257
165,256
179,256
193,259
207,261
91,178
107,169
126,169
147,180
126,183
106,184
213,181
234,166
255,166
268,178
255,186
235,187
116,318
138,292
151,281
165,289
182,281
204,296
234,331
209,340
195,341
175,342
154,341
132,331
131,313
155,312
171,315
189,316
218,326
190,316
169,313
155,312
# } 
# Left iris [x,y,r] { 
243
170
14
# } 
# Right iris [x,y,r] { 
117
170
14
# } 
# Face bounding Box [top(x), left(y), width, height] { 
23
92
306
306
# }