# File name { 
7643505_post_smile.PNG
# } 
# 68 facial Landmarks [x,y] { 
50,217
48,272
56,330
63,376
79,422
101,464
134,497
177,522
229,534
281,528
330,510
372,479
400,438
426,392
444,340
452,288
445,230
73,181
95,152
129,140
168,143
202,156
289,147
326,142
364,145
397,162
418,192
245,201
244,235
243,270
241,305
199,325
218,333
239,339
261,339
279,337
116,209
139,202
166,200
196,210
166,214
139,216
294,220
325,208
353,212
374,225
353,232
320,229
154,390
181,377
210,374
227,384
247,381
281,394
309,408
285,418
254,420
225,420
197,416
171,407
172,389
204,387
228,394
251,399
294,406
250,407
226,405
201,401
# } 
# Left iris [x,y,r] { 
334
216
22
# } 
# Right iris [x,y,r] { 
156
208
22
# } 
# Face bounding Box [top(x), left(y), width, height] { 
31
79
412
409
# }