# File name { 
7643783_post_repose.PNG
# } 
# 68 facial Landmarks [x,y] { 
4,185
3,232
6,276
18,314
32,351
55,384
88,409
129,426
177,433
223,425
264,406
297,382
321,349
335,313
340,273
340,233
339,187
25,133
42,99
77,86
113,93
142,111
207,103
238,90
274,88
304,105
318,134
173,144
172,170
170,195
170,222
140,255
155,255
170,254
188,254
204,254
68,151
83,139
107,139
132,153
107,157
83,159
214,153
242,137
264,137
279,151
265,157
241,157
118,323
137,304
162,297
177,301
191,296
208,305
231,320
208,325
191,331
172,331
155,331
136,329
135,319
156,311
172,310
189,308
218,315
190,311
172,312
157,311
# } 
# Left iris [x,y,r] { 
253
142
14
# } 
# Right iris [x,y,r] { 
103
141
14
# } 
# Face bounding Box [top(x), left(y), width, height] { 
-52
70
402
361
# }