# File name { 
7643505_pre_repose.PNG
# } 
# 68 facial Landmarks [x,y] { 
3,239
3,306
11,365
20,421
36,476
66,524
112,562
166,594
234,606
301,595
359,568
402,528
427,478
442,427
461,378
475,326
480,262
50,167
77,137
117,123
160,127
196,148
303,169
346,158
387,159
422,176
442,197
256,227
257,267
257,305
257,344
200,378
226,386
253,392
276,391
296,388
91,234
122,223
157,225
193,237
155,250
120,250
304,247
346,236
378,239
406,254
377,265
345,263
148,449
185,439
226,436
247,446
269,441
304,453
324,471
307,486
270,490
237,486
208,480
173,466
166,447
217,455
243,463
271,463
315,472
269,464
243,463
218,456
# } 
# Left iris [x,y,r] { 
358
244
20
# } 
# Right iris [x,y,r] { 
137
230
20
# } 
# Face bounding Box [top(x), left(y), width, height] { 
-71
95
548
493
# }