# File name { 
7643505_pre_smile.PNG
# } 
# 68 facial Landmarks [x,y] { 
6,257
4,320
14,381
22,436
34,489
57,538
94,579
144,622
215,645
283,634
347,610
395,567
430,518
452,465
468,408
486,346
492,283
54,204
87,183
126,175
168,181
204,199
306,190
346,178
386,179
424,191
451,217
254,245
252,284
250,323
247,362
191,382
214,393
241,402
268,400
289,397
94,245
124,238
158,239
189,249
155,251
124,251
306,259
346,259
379,264
407,271
376,277
344,273
123,452
160,440
205,442
227,454
246,454
281,468
321,494
303,519
258,521
218,516
181,506
143,486
143,454
192,457
223,466
256,472
309,491
257,493
223,489
192,479
# } 
# Left iris [x,y,r] { 
356
268
27
# } 
# Right iris [x,y,r] { 
141
244
26
# } 
# Face bounding Box [top(x), left(y), width, height] { 
-71
94
545
490
# }