# File name { 
7679289_post_repose.PNG
# } 
# 68 facial Landmarks [x,y] { 
11,257
18,318
36,379
51,428
69,479
96,522
142,554
196,572
256,579
313,565
368,544
412,509
439,460
458,414
469,361
484,305
485,242
44,168
64,134
104,119
148,121
183,139
299,129
337,114
377,116
412,130
437,159
243,201
245,230
247,258
250,288
207,353
230,349
252,345
273,346
292,347
93,218
117,195
155,194
190,217
154,230
117,233
295,212
329,189
365,192
388,212
365,222
331,221
164,446
202,427
236,414
257,420
279,412
300,423
330,444
311,455
290,464
262,466
231,465
195,459
183,443
228,434
253,435
279,432
319,441
281,438
255,438
229,439
# } 
# Left iris [x,y,r] { 
346
206
19
# } 
# Right iris [x,y,r] { 
135
213
21
# } 
# Face bounding Box [top(x), left(y), width, height] { 
-69
92
533
480
# }