# File name { 
7679289_pre_repose.PNG
# } 
# 68 facial Landmarks [x,y] { 
3,273
5,331
14,388
28,438
45,486
64,533
99,577
152,603
213,617
275,608
337,584
386,538
417,494
429,443
450,390
461,333
464,274
39,197
61,169
94,154
135,156
167,175
287,160
322,144
361,147
390,165
413,195
224,237
224,264
224,291
223,320
185,386
204,382
220,381
237,383
255,387
79,242
98,220
135,223
173,252
133,263
95,263
272,254
308,227
347,226
368,247
350,266
311,266
140,481
165,459
199,445
217,453
237,448
266,464
283,488
267,500
243,507
217,507
189,503
159,494
158,478
193,470
212,473
233,473
267,484
234,476
213,476
192,474
# } 
# Left iris [x,y,r] { 
321
255
21
# } 
# Right iris [x,y,r] { 
120
242
21
# } 
# Face bounding Box [top(x), left(y), width, height] { 
-71
95
549
495
# }