# File name { 
7679289_pre_smile.PNG
# } 
# 68 facial Landmarks [x,y] { 
29,248
33,307
45,364
59,417
78,467
103,513
144,549
196,572
254,579
311,567
363,542
406,507
438,465
456,415
479,363
492,304
489,246
63,163
86,133
124,123
166,130
198,147
301,143
338,129
377,130
410,146
432,173
248,214
250,241
251,268
252,296
212,361
233,355
253,350
274,350
293,353
107,220
127,200
161,201
193,227
159,237
126,237
300,227
332,209
362,212
384,228
363,238
333,235
160,447
205,432
241,416
263,421
284,416
305,422
339,428
318,447
293,460
266,464
235,466
196,461
181,446
235,442
261,439
284,435
324,430
283,437
261,441
236,443
# } 
# Left iris [x,y,r] { 
349
218
21
# } 
# Right iris [x,y,r] { 
143
214
21
# } 
# Face bounding Box [top(x), left(y), width, height] { 
32
125
413
414
# }