# File name { 
7716979_post_repose.PNG
# } 
# 68 facial Landmarks [x,y] { 
48,245
42,310
48,368
61,419
82,466
122,500
172,525
223,542
281,547
338,539
390,518
436,494
475,458
495,412
501,356
500,297
494,233
88,216
112,178
154,162
200,164
241,178
300,169
339,155
384,147
426,162
451,199
270,213
271,245
271,276
271,309
232,346
251,348
272,349
296,347
317,345
137,229
159,215
189,214
221,229
189,233
161,236
318,227
349,214
378,215
402,228
377,234
349,232
195,418
225,401
258,391
279,396
301,390
330,400
352,417
332,428
309,433
279,432
247,433
220,430
209,414
251,412
277,413
300,411
339,414
302,411
278,410
253,410
# } 
# Left iris [x,y,r] { 
360
226
17
# } 
# Right iris [x,y,r] { 
176
225
21
# } 
# Face bounding Box [top(x), left(y), width, height] { 
77
125
413
413
# }