# File name { 
7725523_pre_repose.PNG
# } 
# 68 facial Landmarks [x,y] { 
35,241
41,306
48,364
60,414
74,465
102,510
146,545
204,565
267,566
328,560
385,536
430,500
460,455
472,401
475,347
479,296
479,235
60,182
84,148
122,134
167,135
204,147
299,146
338,134
379,131
417,144
441,171
255,187
258,219
261,252
265,286
221,332
244,334
268,334
290,330
307,328
106,199
128,181
161,180
194,199
161,205
129,208
311,198
347,181
379,185
398,199
377,206
348,204
176,449
221,409
262,395
281,400
297,394
323,401
354,421
319,427
298,427
268,433
233,439
208,443
196,432
240,417
266,418
291,414
332,417
289,414
264,418
236,422
# } 
# Left iris [x,y,r] { 
368
195
21
# } 
# Right iris [x,y,r] { 
141
198
21
# } 
# Face bounding Box [top(x), left(y), width, height] { 
-71
39
548
494
# }