# File name { 
7725523_post_smile.PNG
# } 
# 68 facial Landmarks [x,y] { 
25,214
22,276
32,335
41,388
64,439
90,483
127,525
181,552
246,558
308,551
361,526
406,488
443,441
454,389
462,331
468,276
467,217
60,172
82,142
122,131
166,135
205,147
294,150
334,140
374,137
412,150
436,178
249,191
249,230
249,268
250,308
193,331
219,338
248,345
278,338
302,330
104,195
129,182
157,183
190,201
155,201
127,201
307,202
340,183
369,184
392,197
369,204
341,204
134,387
176,382
217,382
245,387
271,382
310,386
348,391
314,409
275,417
242,419
208,418
169,409
150,390
211,401
242,403
272,401
332,394
270,399
241,400
211,400
# } 
# Left iris [x,y,r] { 
362
184
20
# } 
# Right iris [x,y,r] { 
147
191
24
# } 
# Face bounding Box [top(x), left(y), width, height] { 
31
78
407
405
# }