# File name { 
7725523_pre_smile.PNG
# } 
# 68 facial Landmarks [x,y] { 
34,185
37,251
39,310
49,369
67,424
101,469
151,503
209,529
273,537
332,519
388,489
432,452
459,402
470,346
475,290
476,234
473,171
60,139
82,107
122,93
168,96
210,107
303,112
344,103
385,100
422,111
446,139
262,153
265,187
269,222
274,259
223,298
248,300
276,300
300,293
319,285
112,158
133,140
165,142
199,168
163,170
133,170
312,167
346,141
376,141
398,158
376,167
348,168
162,402
216,364
269,348
289,350
312,340
338,344
367,356
344,377
317,388
285,396
251,399
214,404
185,397
251,371
281,367
309,360
355,358
310,377
281,382
250,384
# } 
# Left iris [x,y,r] { 
371
158
21
# } 
# Right iris [x,y,r] { 
142
149
20
# } 
# Face bounding Box [top(x), left(y), width, height] { 
31
31
411
411
# }