# File name { 
7741844_post_repose.PNG
# } 
# 68 facial Landmarks [x,y] { 
54,364
38,498
37,626
60,739
98,850
180,930
275,986
387,1018
521,1041
661,1020
757,973
854,909
931,819
979,711
991,593
983,468
971,341
119,272
159,195
236,152
329,151
414,172
573,139
657,122
746,125
825,169
868,241
489,271
488,331
486,389
486,453
402,565
445,559
488,554
536,556
580,559
211,302
258,272
325,268
396,300
323,317
258,324
591,295
665,260
729,261
781,291
737,319
660,321
318,779
373,708
440,674
498,691
550,669
613,694
683,757
652,800
584,825
510,824
437,815
370,804
356,768
444,756
506,748
566,743
650,753
565,744
505,746
445,756
# } 
# Left iris [x,y,r] { 
709
290
50
# } 
# Right iris [x,y,r] { 
289
293
36
# } 
# Face bounding Box [top(x), left(y), width, height] { 
66
66
865
865
# }