# File name { 
7741844_pre_repose.PNG
# } 
# 68 facial Landmarks [x,y] { 
143,341
122,464
124,587
158,684
208,762
276,830
359,885
461,940
593,973
704,958
813,914
904,840
1021,740
1107,638
1114,533
1100,443
1087,347
214,273
267,225
344,189
430,185
508,198
623,177
698,158
779,164
846,198
920,228
565,279
568,332
572,384
576,439
502,544
539,537
580,529
620,531
657,531
284,310
329,274
396,263
466,304
406,325
343,337
678,293
750,246
830,253
883,292
819,314
727,302
433,758
510,661
553,638
613,654
667,626
730,658
807,698
731,777
681,779
629,784
553,793
496,785
481,737
578,718
624,702
675,700
770,694
675,701
625,706
577,721
# } 
# Left iris [x,y,r] { 
793
272
44
# } 
# Right iris [x,y,r] { 
368
295
41
# } 
# Face bounding Box [top(x), left(y), width, height] { 
145
60
783
783
# }