# File name { 
9141799_pre_smile.PNG
# } 
# 68 facial Landmarks [x,y] { 
45,307
37,371
46,430
59,487
71,546
92,601
128,649
177,686
237,705
294,693
344,662
382,620
410,567
425,512
440,458
454,397
459,332
86,269
112,241
151,235
193,242
227,260
297,264
334,256
372,253
408,265
430,295
262,311
261,349
260,388
259,428
199,452
227,459
252,465
278,469
304,461
128,310
153,298
182,301
212,316
181,320
152,319
301,325
334,307
365,309
388,325
366,339
335,339
167,532
182,519
196,515
207,525
226,525
250,540
300,569
277,583
249,588
223,591
196,578
176,562
181,530
204,550
224,556
250,556
277,566
250,554
225,555
203,551
# } 
# Left iris [x,y,r] { 
348
315
18
# } 
# Right iris [x,y,r] { 
161
301
19
# } 
# Face bounding Box [top(x), left(y), width, height] { 
31
214
410
410
# }