# File name { 
9141799_pre_repose.PNG
# } 
# 68 facial Landmarks [x,y] { 
72,314
64,376
73,433
83,493
101,552
122,609
157,655
207,687
268,704
328,693
379,663
420,622
449,569
464,515
478,458
496,400
496,337
114,266
138,238
176,226
219,230
256,247
331,251
371,244
410,247
445,264
464,293
290,301
288,336
286,372
284,409
230,443
252,457
278,455
304,460
329,456
158,305
183,296
213,298
244,309
212,314
182,314
331,318
365,305
397,308
421,322
397,334
365,332
195,543
216,517
226,512
243,527
268,524
290,545
345,576
320,579
298,586
264,588
233,582
211,566
217,539
238,549
263,553
289,554
314,563
288,552
263,555
238,552
# } 
# Left iris [x,y,r] { 
382
316
19
# } 
# Right iris [x,y,r] { 
201
305
24
# } 
# Face bounding Box [top(x), left(y), width, height] { 
76
212
407
407
# }