# File name { 
9141799_post_repose.PNG
# } 
# 68 facial Landmarks [x,y] { 
2,211
4,281
21,345
35,403
50,463
75,522
112,573
163,609
231,626
301,617
359,585
400,531
433,469
448,408
461,344
476,275
480,201
42,155
71,125
112,112
156,113
195,128
271,123
313,110
359,106
401,116
434,142
236,178
236,222
235,266
235,312
183,349
207,355
233,357
258,362
279,363
88,191
114,174
149,172
184,186
148,196
115,200
291,182
324,164
361,165
384,182
360,201
323,199
155,457
164,436
182,420
202,436
226,430
260,444
304,473
265,487
238,493
209,495
181,492
164,478
171,455
185,458
209,462
234,460
275,466
235,461
208,462
184,459
# } 
# Left iris [x,y,r] { 
338
183
21
# } 
# Right iris [x,y,r] { 
126
187
21
# } 
# Face bounding Box [top(x), left(y), width, height] { 
-71
39
549
495
# }