# File name { 
9402050_pre_smile.PNG
# } 
# 68 facial Landmarks [x,y] { 
28,154
31,199
39,240
49,278
59,314
78,348
107,375
145,401
197,409
246,396
288,375
325,347
349,310
363,272
367,230
371,189
370,142
48,102
67,83
94,74
124,76
149,89
226,83
257,71
288,68
318,78
338,94
189,128
189,155
188,180
188,208
150,238
170,240
191,242
213,237
232,233
73,138
94,126
120,125
145,137
120,144
93,147
235,135
263,119
289,119
310,131
291,139
265,140
117,297
149,282
181,279
190,284
213,278
237,279
277,279
256,292
233,301
208,310
180,311
148,308
135,291
177,290
202,288
229,284
255,284
230,286
202,290
179,292
# } 
# Left iris [x,y,r] { 
279
125
16
# } 
# Right iris [x,y,r] { 
104
133
14
# } 
# Face bounding Box [top(x), left(y), width, height] { 
-53
29
408
367
# }