# File name { 
9402050_post_repose.PNG
# } 
# 68 facial Landmarks [x,y] { 
49,183
47,221
50,258
56,293
66,325
85,352
116,368
151,383
190,392
229,385
267,374
301,357
325,332
340,300
347,266
349,229
347,188
74,138
89,116
113,103
141,104
163,114
235,112
261,101
290,100
314,112
328,137
198,153
197,174
196,193
195,215
164,246
179,247
194,247
209,249
223,251
99,163
116,152
137,152
158,162
138,166
116,168
236,164
261,152
282,153
298,165
281,171
260,170
132,298
154,283
175,277
188,281
203,278
226,289
247,301
226,304
204,305
187,305
170,304
152,301
144,292
174,289
188,291
204,292
234,298
202,290
187,290
173,288
# } 
# Left iris [x,y,r] { 
271
156
14
# } 
# Right iris [x,y,r] { 
124
154
14
# } 
# Face bounding Box [top(x), left(y), width, height] { 
23
92
305
305
# }