# File name { 
9402050_pre_repose.PNG
# } 
# 68 facial Landmarks [x,y] { 
41,189
45,236
53,278
58,318
72,349
93,385
118,409
156,425
202,435
249,427
292,413
331,385
362,359
374,320
382,277
385,231
386,180
61,131
77,112
103,100
136,101
165,113
238,107
270,96
304,93
334,103
354,124
203,156
203,180
202,203
202,228
166,266
184,266
202,267
221,269
240,272
87,169
106,155
130,154
157,168
130,173
105,176
253,165
279,149
304,149
323,162
305,170
280,169
130,325
154,309
185,302
201,307
217,304
241,313
275,328
246,334
224,336
203,340
180,338
158,334
146,322
182,316
201,318
221,319
261,328
221,321
201,319
181,319
# } 
# Left iris [x,y,r] { 
293
156
14
# } 
# Right iris [x,y,r] { 
117
162
14
# } 
# Face bounding Box [top(x), left(y), width, height] { 
30
72
373
373
# }