# File name { 
9413001_pre_smile.PNG
# } 
# 68 facial Landmarks [x,y] { 
250,534
243,632
254,751
284,860
319,959
358,1055
424,1128
530,1187
655,1232
782,1211
900,1169
995,1099
1030,996
1074,888
1101,788
1105,682
1099,565
359,396
410,348
482,322
564,331
624,367
793,363
866,339
940,336
1009,363
1054,413
711,462
710,526
706,589
698,657
577,720
628,737
677,768
731,774
778,755
416,506
449,462
535,460
587,505
533,505
448,506
812,502
867,469
927,472
977,499
927,516
866,515
450,871
502,839
542,816
592,849
626,845
676,880
782,964
715,976
647,997
564,1017
503,970
466,923
492,890
552,847
593,868
645,894
744,939
646,940
591,955
537,957
# } 
# Left iris [x,y,r] { 
893
488
47
# } 
# Right iris [x,y,r] { 
496
482
47
# } 
# Face bounding Box [top(x), left(y), width, height] { 
255
262
869
869
# }