# File name { 
9413001_post_smile.PNG
# } 
# 68 facial Landmarks [x,y] { 
293,437
289,554
320,670
349,789
383,887
429,967
513,1018
619,1068
731,1100
840,1076
957,1019
1066,954
1099,862
1136,769
1172,671
1186,572
1176,460
380,348
440,299
526,292
612,315
683,355
838,334
910,295
991,273
1069,284
1121,339
756,451
753,527
748,601
740,676
644,697
684,724
733,748
791,738
838,723
482,479
532,465
587,460
649,474
589,479
534,482
858,477
920,460
984,461
1033,475
984,490
922,490
509,800
570,784
635,784
675,801
723,800
772,826
887,856
807,887
740,915
667,922
601,908
543,852
548,805
624,816
681,831
736,843
844,851
728,859
669,867
615,852
# } 
# Left iris [x,y,r] { 
945
475
46
# } 
# Right iris [x,y,r] { 
565
471
44
# } 
# Face bounding Box [top(x), left(y), width, height] { 
263
270
894
894
# }