# File name { 
1000306_postrevision_smile.PNG
# } 
# 68 facial Landmarks [x,y] { 
105,297
105,340
101,382
104,422
117,459
144,488
176,510
214,526
257,537
299,529
341,512
374,490
397,462
411,428
415,390
418,351
415,300
132,272
148,248
174,236
204,238
228,249
289,247
315,238
344,237
368,249
384,271
256,281
255,308
254,335
252,363
218,373
234,379
252,384
273,381
292,376
165,286
181,279
200,281
221,290
200,289
182,289
294,293
318,284
336,284
350,288
335,290
318,291
185,416
208,408
233,406
248,409
266,407
298,413
321,431
303,441
275,445
252,447
228,446
201,437
193,416
229,417
252,421
274,421
310,428
275,432
251,433
226,433
# } 
# Left iris [x,y,r] { 
322
287
16
# } 
# Right iris [x,y,r] { 
193
284
16
# } 
# Face bounding Box [top(x), left(y), width, height] { 
99
215
339
338
# }