# File name { 
1000306_pre_smile.PNG
# } 
# 68 facial Landmarks [x,y] { 
56,211
56,270
53,325
55,380
72,433
108,473
156,501
210,521
266,529
319,522
373,503
419,475
450,434
466,385
471,331
474,277
470,223
95,178
120,143
158,126
201,127
239,141
324,140
363,128
397,127
430,143
455,179
279,185
280,220
281,254
281,289
230,310
253,317
278,322
303,317
324,311
149,192
170,183
196,184
226,197
195,198
170,197
326,200
357,186
382,185
401,195
381,200
358,201
169,366
205,355
246,352
270,358
297,354
336,361
360,383
333,398
297,403
265,405
231,406
191,394
182,366
239,364
269,369
298,370
347,381
298,390
266,392
233,393
# } 
# Left iris [x,y,r] { 
363
193
21
# } 
# Right iris [x,y,r] { 
184
191
21
# } 
# Face bounding Box [top(x), left(y), width, height] { 
77
80
416
413
# }