# File name { 
1000306_postrevision_repose.PNG
# } 
# 68 facial Landmarks [x,y] { 
110,302
108,344
108,384
112,420
123,455
146,483
177,504
214,519
255,528
295,523
335,511
371,492
393,463
405,430
413,391
414,350
409,309
140,269
155,246
180,234
209,236
232,248
292,247
317,238
345,239
368,251
382,272
259,282
258,306
256,330
255,354
228,380
240,382
252,384
269,385
284,384
168,286
185,276
205,276
226,290
204,293
184,293
293,293
316,280
337,280
352,289
337,296
317,296
203,430
218,418
234,412
244,416
258,412
286,423
317,446
286,442
267,441
251,440
234,439
217,436
214,428
233,426
248,428
264,429
299,440
265,429
249,428
233,427
# } 
# Left iris [x,y,r] { 
327
288
14
# } 
# Right iris [x,y,r] { 
194
284
14
# } 
# Face bounding Box [top(x), left(y), width, height] { 
117
214
287
287
# }