# File name { 
1009905_pre_smile.PNG
# } 
# 68 facial Landmarks [x,y] { 
62,253
62,314
68,369
75,421
87,472
111,518
149,554
199,578
259,584
315,575
365,551
409,516
440,474
458,424
466,370
474,316
473,257
101,206
124,188
158,182
194,187
226,204
299,205
334,192
370,188
404,196
429,216
261,243
260,280
258,316
258,354
218,384
237,389
257,392
279,389
299,386
134,247
157,229
187,230
213,252
184,258
155,259
306,254
338,232
368,233
388,249
368,261
340,260
181,458
207,443
239,435
259,439
277,435
312,437
344,440
317,461
287,474
261,478
235,480
204,474
196,456
239,454
262,453
285,450
329,444
285,451
261,454
239,454
# } 
# Left iris [x,y,r] { 
350
247
21
# } 
# Right iris [x,y,r] { 
171
244
16
# } 
# Face bounding Box [top(x), left(y), width, height] { 
31
124
412
412
# }