# File name { 
1011068_post_smile.png
# } 
# 68 facial Landmarks [x,y] { 
112,362
114,407
118,449
124,491
136,532
161,567
193,597
227,625
272,636
323,632
369,610
411,585
445,554
468,516
482,474
492,430
488,380
140,321
154,300
185,289
218,290
248,302
337,306
372,297
411,290
438,305
455,326
290,356
288,383
285,410
282,438
241,451
260,459
279,466
301,464
323,461
171,358
195,345
219,346
241,365
217,364
192,363
345,372
370,355
396,355
419,370
397,376
371,375
193,500
224,490
255,487
274,494
295,492
327,503
362,519
323,544
288,552
267,551
246,546
218,529
206,502
253,503
273,508
293,509
349,519
290,530
270,530
249,526
# } 
# Left iris [x,y,r] { 
389
358
16
# } 
# Right iris [x,y,r] { 
194
347
14
# } 
# Face bounding Box [top(x), left(y), width, height] { 
109
276
371
372
# }