# File name { 
1011068_post_repose.png
# } 
# 68 facial Landmarks [x,y] { 
113,347
117,394
122,437
129,481
143,520
169,550
205,572
243,591
288,599
335,596
378,580
417,558
447,528
468,490
479,447
479,401
478,357
140,303
163,281
195,274
230,277
262,288
341,290
372,281
406,281
436,289
459,310
299,334
298,358
297,382
296,406
257,429
275,435
294,441
313,437
332,432
175,340
198,325
226,326
250,345
224,350
196,350
346,350
369,330
397,331
419,346
398,357
371,356
222,493
247,476
274,469
291,473
309,470
334,480
364,495
333,509
307,514
289,514
270,512
246,506
234,492
272,489
290,490
308,490
350,495
308,489
290,489
272,487
# } 
# Left iris [x,y,r] { 
390
334
16
# } 
# Right iris [x,y,r] { 
203
333
16
# } 
# Face bounding Box [top(x), left(y), width, height] { 
111
240
378
378
# }