# File name { 
1011576_post_smile.png
# } 
# 68 facial Landmarks [x,y] { 
157,329
156,366
158,405
161,445
170,483
189,518
216,548
248,571
287,580
329,576
368,560
403,536
419,507
432,472
444,433
460,396
463,353
193,305
211,290
237,286
264,290
288,299
335,299
362,292
390,291
416,297
435,316
309,323
307,346
304,368
301,393
267,405
283,413
299,419
317,416
334,412
223,326
240,317
257,317
274,328
257,330
239,330
346,332
365,320
383,322
399,334
383,337
365,336
228,454
248,444
273,444
290,450
309,449
326,458
356,468
323,477
300,480
280,482
263,484
242,480
235,456
267,449
284,458
304,459
346,468
305,468
285,469
263,474
# } 
# Left iris [x,y,r] { 
377
325
12
# } 
# Right iris [x,y,r] { 
248
319
11
# } 
# Face bounding Box [top(x), left(y), width, height] { 
133
242
324
324
# }