# File name { 
1011576_pre_repose.png
# } 
# 68 facial Landmarks [x,y] { 
67,324
73,384
82,442
94,501
112,559
143,609
187,648
238,679
301,688
367,683
422,656
470,618
506,568
526,510
538,449
548,389
547,329
129,275
157,246
196,229
239,231
280,242
346,242
390,235
434,235
473,247
502,276
316,286
316,322
315,357
315,394
272,432
291,440
311,445
332,443
351,438
178,303
201,282
233,278
259,300
232,309
202,312
370,301
397,278
430,280
461,304
435,323
402,315
225,540
253,513
282,504
303,511
322,509
350,526
377,556
345,559
317,558
297,556
275,553
250,546
240,536
282,524
302,528
321,530
361,551
317,531
298,529
278,526
# } 
# Left iris [x,y,r] { 
421
289
20
# } 
# Right iris [x,y,r] { 
213
291
20
# } 
# Face bounding Box [top(x), left(y), width, height] { 
88
142
471
472
# }