# File name { 
1011576_post_repose.png
# } 
# 68 facial Landmarks [x,y] { 
136,347
139,386
144,424
151,462
163,497
184,528
217,551
253,568
295,572
336,567
372,548
399,523
415,492
423,463
435,419
445,382
447,344
175,308
192,288
218,278
247,279
274,286
315,288
341,279
369,278
395,287
412,307
294,313
295,334
296,355
296,378
266,403
281,407
296,410
311,407
325,403
206,327
222,314
241,312
259,324
241,329
222,331
329,324
346,312
365,314
380,326
364,331
346,329
240,474
260,458
281,450
295,453
309,449
328,455
349,465
328,473
310,475
296,477
281,477
262,478
249,471
281,462
295,462
309,461
339,464
310,460
295,462
282,462
# } 
# Left iris [x,y,r] { 
358
318
12
# } 
# Right iris [x,y,r] { 
229
320
13
# } 
# Face bounding Box [top(x), left(y), width, height] { 
133
243
326
325
# }