# File name { 
1032027_pre_repose.png
# } 
# 68 facial Landmarks [x,y] { 
109,183
108,248
110,312
117,376
133,437
164,489
210,528
268,555
330,568
389,561
442,536
488,500
519,453
539,398
553,340
566,282
575,220
180,166
214,136
258,127
302,139
341,160
408,161
443,143
482,134
520,146
541,178
370,220
367,254
365,287
363,322
310,355
333,362
356,367
379,365
401,361
224,219
252,209
282,214
306,237
278,242
246,238
417,243
447,220
477,219
499,234
479,251
447,251
268,431
302,416
333,408
352,415
372,411
397,425
418,446
394,471
367,479
345,480
323,476
295,462
281,431
331,437
350,440
371,439
407,444
369,440
348,442
328,439
# } 
# Left iris [x,y,r] { 
459
232
19
# } 
# Right iris [x,y,r] { 
261
222
16
# } 
# Face bounding Box [top(x), left(y), width, height] { 
88
91
475
472
# }