# File name { 
1038325_pre_smile.PNG
# } 
# 68 facial Landmarks [x,y] { 
27,326
28,390
36,450
46,508
66,560
98,603
150,629
208,642
270,648
329,639
385,624
435,601
469,565
487,519
497,468
512,410
516,348
98,227
127,210
158,206
191,215
227,237
333,243
372,231
402,225
438,245
459,262
278,287
277,311
278,335
278,361
233,422
256,420
278,419
300,417
320,417
128,294
153,281
185,284
215,303
183,307
152,306
332,310
365,297
395,301
418,317
392,320
363,317
190,509
234,488
271,474
294,477
312,471
340,481
363,499
338,504
312,505
289,504
266,503
232,506
208,504
262,495
287,493
308,490
351,496
307,490
287,491
264,491
# } 
# Left iris [x,y,r] { 
376
307
21
# } 
# Right iris [x,y,r] { 
169
295
20
# } 
# Face bounding Box [top(x), left(y), width, height] { 
39
151
495
492
# }