# File name { 
1038325_post_repose.PNG
# } 
# 68 facial Landmarks [x,y] { 
109,331
115,369
119,408
130,442
141,478
159,504
190,521
225,532
262,538
298,532
335,523
366,506
385,478
399,449
405,415
412,379
414,339
149,274
164,265
186,260
206,268
227,280
303,280
326,271
351,270
372,279
386,294
264,315
264,332
264,348
265,365
236,399
250,399
264,399
278,400
290,400
169,314
183,300
205,301
225,322
204,324
182,323
299,325
321,306
343,307
356,323
343,331
322,330
214,449
235,437
256,431
266,434
277,432
295,441
308,455
295,457
280,458
265,458
250,455
233,452
225,448
250,445
263,447
276,447
299,451
276,446
264,446
250,445
# } 
# Left iris [x,y,r] { 
330
319
14
# } 
# Right iris [x,y,r] { 
198
310
14
# } 
# Face bounding Box [top(x), left(y), width, height] { 
116
243
283
283
# }