# File name { 
7097101_pre_smile.PNG
# } 
# 68 facial Landmarks [x,y] { 
35,278
36,347
41,408
56,461
80,505
112,545
153,587
202,613
252,627
316,616
376,586
430,552
467,508
489,457
498,401
505,340
503,269
70,222
92,186
130,169
170,166
209,176
312,170
355,160
397,161
437,176
460,208
260,226
259,260
259,293
256,329
213,363
234,371
256,375
282,376
304,374
122,242
144,227
175,225
211,236
176,244
145,248
317,232
352,217
384,219
408,232
384,242
354,242
161,445
193,435
212,426
236,436
262,432
289,452
353,474
301,466
268,471
235,480
205,479
184,465
179,447
206,439
227,446
249,448
335,465
239,463
214,466
191,452
# } 
# Left iris [x,y,r] { 
369
231
21
# } 
# Right iris [x,y,r] { 
165
235
21
# } 
# Face bounding Box [top(x), left(y), width, height] { 
-71
95
549
495
# }