# File name { 
7097101_pre_repose.PNG
# } 
# 68 facial Landmarks [x,y] { 
28,259
25,326
31,386
44,439
62,487
89,532
125,568
171,596
235,611
296,608
356,581
408,546
447,504
471,455
482,401
490,343
491,275
73,198
95,165
131,151
172,152
206,166
312,168
353,160
390,167
424,183
444,210
255,223
252,257
249,289
245,324
206,366
225,370
244,371
266,371
285,371
119,225
145,211
176,211
207,229
174,236
143,236
308,231
342,216
373,220
406,238
373,245
342,243
154,464
188,440
218,434
236,440
257,436
286,452
331,484
279,466
262,471
235,468
210,465
184,463
171,457
215,443
236,444
260,445
312,470
263,460
235,457
212,452
# } 
# Left iris [x,y,r] { 
364
230
21
# } 
# Right iris [x,y,r] { 
160
222
21
# } 
# Face bounding Box [top(x), left(y), width, height] { 
-71
95
548
494
# }