# File name { 
7097101_post_repose.PNG
# } 
# 68 facial Landmarks [x,y] { 
122,332
121,372
123,413
129,449
139,483
159,509
189,530
224,550
261,558
310,552
342,532
374,513
393,488
403,456
414,424
420,385
419,341
154,280
168,261
189,256
212,257
237,262
302,268
329,263
350,267
370,271
386,288
271,300
270,321
269,340
268,361
239,389
253,390
269,390
285,390
300,389
181,305
197,295
216,296
236,310
214,311
196,311
304,313
326,301
344,302
358,312
344,316
326,316
201,455
221,431
246,426
261,428
277,421
301,424
333,442
312,451
292,450
270,451
248,451
222,455
215,447
244,434
261,436
280,437
319,441
286,442
265,441
244,442
# } 
# Left iris [x,y,r] { 
337
310
14
# } 
# Right iris [x,y,r] { 
207
302
14
# } 
# Face bounding Box [top(x), left(y), width, height] { 
117
214
287
287
# }