# File name { 
7296772_pre_smile.PNG
# } 
# 68 facial Landmarks [x,y] { 
37,244
36,304
45,358
55,419
73,472
106,517
155,556
210,575
269,577
336,566
387,543
436,512
462,469
480,418
487,364
494,310
495,246
73,178
97,153
137,146
178,153
212,169
311,152
348,136
389,135
423,150
447,178
258,218
257,249
257,279
258,310
219,356
241,354
262,351
285,348
304,346
116,224
141,209
174,211
205,235
172,239
140,238
310,234
345,215
375,216
397,230
374,235
344,235
189,431
226,407
260,392
281,394
301,388
335,400
361,423
346,439
319,443
292,443
263,440
227,437
211,425
254,416
280,413
303,410
345,419
306,419
283,418
258,416
# } 
# Left iris [x,y,r] { 
353
225
24
# } 
# Right iris [x,y,r] { 
162
220
21
# } 
# Face bounding Box [top(x), left(y), width, height] { 
31
125
413
412
# }