# File name { 
7296772_post_repose.PNG
# } 
# 68 facial Landmarks [x,y] { 
101,242
99,280
101,316
107,351
120,384
144,408
176,426
209,440
246,449
284,442
317,427
348,408
371,382
382,350
388,315
390,279
386,241
125,209
142,192
167,187
193,190
216,200
276,195
299,187
323,183
345,191
361,207
245,227
245,243
246,259
246,276
221,308
234,307
246,305
258,306
269,306
155,235
173,229
192,228
211,237
191,241
172,243
278,237
298,224
318,224
334,234
319,241
299,241
185,352
210,339
232,328
244,330
257,327
278,339
294,357
280,364
263,368
244,369
226,368
204,363
197,351
228,346
244,346
258,345
284,354
258,349
243,350
227,350
# } 
# Left iris [x,y,r] { 
308
230
14
# } 
# Right iris [x,y,r] { 
184
231
14
# } 
# Face bounding Box [top(x), left(y), width, height] { 
116
147
282
283
# }