# File name { 
7338307_post_repose.PNG
# } 
# 68 facial Landmarks [x,y] { 
136,288
135,333
138,372
142,411
154,446
176,468
209,491
246,503
285,507
323,499
356,480
386,460
408,439
415,405
426,369
428,330
427,292
166,245
182,225
207,217
235,222
257,234
318,233
341,223
365,220
386,229
401,246
285,264
286,283
287,302
287,322
258,354
272,353
286,353
300,353
312,352
198,269
212,257
231,258
249,275
230,276
212,276
317,275
337,261
354,262
368,274
355,279
337,278
237,413
259,396
280,387
292,390
302,385
320,393
331,407
322,412
308,415
293,416
275,416
256,416
251,409
273,399
289,397
304,396
324,404
306,404
290,405
274,405
# } 
# Left iris [x,y,r] { 
346
268
14
# } 
# Right iris [x,y,r] { 
219
266
14
# } 
# Face bounding Box [top(x), left(y), width, height] { 
101
178
343
343
# }