# File name { 
7338307_pre_repose.PNG
# } 
# 68 facial Landmarks [x,y] { 
54,321
50,387
52,450
58,495
80,543
109,589
150,619
203,637
258,643
314,637
375,618
410,591
440,551
466,501
472,449
484,395
480,333
86,254
107,222
142,209
183,212
215,228
309,223
345,208
385,206
421,222
440,254
259,272
258,301
257,331
256,363
220,412
239,411
258,410
278,410
296,410
131,289
154,277
182,276
212,288
183,293
154,295
306,289
340,276
369,278
392,291
368,298
340,295
186,506
214,485
243,474
259,477
277,473
308,484
329,500
313,507
289,508
265,508
240,508
212,510
204,500
238,494
259,493
281,492
316,499
283,494
262,492
241,491
# } 
# Left iris [x,y,r] { 
354
288
21
# } 
# Right iris [x,y,r] { 
165
284
20
# } 
# Face bounding Box [top(x), left(y), width, height] { 
31
170
414
413
# }