# File name { 
7382178_post_smile.png
# } 
# 68 facial Landmarks [x,y] { 
136,592
125,674
128,752
146,830
188,909
214,961
259,1018
326,1062
405,1081
490,1072
574,1049
653,1011
713,957
750,887
770,807
784,725
781,634
160,472
203,436
261,433
318,446
373,470
488,479
554,468
617,464
677,476
721,516
422,531
418,577
415,624
412,672
354,731
381,738
409,745
440,738
469,729
228,549
265,532
305,535
339,561
301,563
261,561
523,565
565,547
606,550
638,573
604,577
563,573
273,850
322,829
372,817
407,824
445,819
496,835
539,877
496,901
446,909
407,909
369,903
322,886
296,853
371,848
406,851
444,849
521,874
447,869
409,868
373,862
# } 
# Left iris [x,y,r] { 
606
564
27
# } 
# Right iris [x,y,r] { 
294
537
30
# } 
# Face bounding Box [top(x), left(y), width, height] { 
55
295
714
714
# }