# File name { 
7382178_post_repose.png
# } 
# 68 facial Landmarks [x,y] { 
102,628
106,706
116,790
139,860
168,936
188,996
242,1052
314,1092
401,1108
494,1100
580,1067
653,1019
705,956
734,882
748,800
755,720
748,632
126,503
167,465
226,459
283,469
342,491
454,496
517,479
580,474
639,485
684,522
393,550
392,598
391,647
390,696
341,764
366,769
393,773
420,767
448,762
196,573
229,548
271,550
308,581
267,585
226,584
493,579
531,550
574,551
608,578
574,588
532,585
257,897
309,872
359,855
392,862
426,853
479,868
532,898
481,917
432,928
396,930
360,929
311,921
280,897
359,889
393,892
427,888
511,895
430,885
396,889
362,886
# } 
# Left iris [x,y,r] { 
558
557
30
# } 
# Right iris [x,y,r] { 
257
563
26
# } 
# Face bounding Box [top(x), left(y), width, height] { 
55
371
711
712
# }