# File name { 
7382178_pre_smile.png
# } 
# 68 facial Landmarks [x,y] { 
151,599
160,739
179,876
201,1012
241,1136
309,1240
413,1315
525,1361
651,1374
774,1347
896,1297
1018,1222
1110,1120
1168,990
1189,853
1196,710
1201,566
183,463
238,391
330,377
423,393
513,424
679,409
778,377
881,361
987,372
1067,429
588,499
582,576
578,651
573,730
495,802
542,817
594,827
650,810
704,793
295,540
347,502
410,503
475,544
410,552
347,553
742,534
803,489
864,489
923,522
869,535
808,536
428,987
490,925
565,898
618,901
679,893
767,911
850,964
779,1040
700,1077
633,1087
575,1086
496,1058
453,985
567,933
620,930
681,926
823,965
691,1027
628,1031
572,1032
# } 
# Left iris [x,y,r] { 
832
512
47
# } 
# Right iris [x,y,r] { 
369
501
42
# } 
# Face bounding Box [top(x), left(y), width, height] { 
83
207
1074
1067
# }