# File name { 
7391235_post_repose.png
# } 
# 68 facial Landmarks [x,y] { 
122,536
126,620
134,706
149,789
176,868
222,932
292,975
372,998
461,1002
548,994
622,964
681,914
719,843
736,760
745,680
747,596
746,515
203,438
240,400
293,382
348,384
402,397
493,401
543,384
596,379
646,392
678,431
447,459
449,502
452,547
456,594
405,664
431,667
459,668
484,663
508,657
261,490
291,463
332,460
372,486
333,499
291,501
514,483
550,453
592,454
623,479
594,492
552,492
349,790
388,751
427,731
462,736
494,728
529,744
562,776
531,788
499,795
465,800
429,799
390,797
365,784
428,762
462,763
495,759
545,772
496,755
463,760
429,759
# } 
# Left iris [x,y,r] { 
568
468
26
# } 
# Right iris [x,y,r] { 
315
472
26
# } 
# Face bounding Box [top(x), left(y), width, height] { 
124
275
669
668
# }