# File name { 
7391235_pre_smile.png
# } 
# 68 facial Landmarks [x,y] { 
47,479
45,638
61,799
104,955
171,1097
269,1218
391,1319
537,1387
698,1398
845,1354
959,1255
1056,1137
1126,1005
1163,860
1175,719
1177,581
1165,443
156,302
230,230
336,207
445,226
553,265
722,283
817,246
922,228
1022,246
1086,317
635,391
641,484
650,576
661,672
550,775
609,780
671,784
723,759
778,735
275,411
337,377
411,378
481,422
408,438
333,437
772,417
833,372
904,374
969,408
905,428
833,427
486,1021
575,956
652,899
712,893
763,868
838,877
946,848
878,1006
804,1078
745,1101
683,1101
598,1070
525,1019
656,957
714,942
767,923
914,869
790,996
736,1016
676,1025
# } 
# Left iris [x,y,r] { 
868
393
48
# } 
# Right iris [x,y,r] { 
375
402
44
# } 
# Face bounding Box [top(x), left(y), width, height] { 
95
95
1183
1183
# }