# File name { 
7410854_post_repose.png
# } 
# 68 facial Landmarks [x,y] { 
121,414
137,584
163,746
202,909
258,1065
342,1212
459,1328
615,1401
806,1412
989,1378
1133,1282
1236,1151
1302,999
1338,839
1347,676
1348,519
1329,359
219,197
279,91
385,45
503,60
617,112
827,121
930,65
1046,48
1154,79
1223,176
730,279
736,383
742,485
748,594
603,719
678,727
758,737
835,720
909,703
341,360
402,319
478,314
556,356
482,383
403,389
910,355
981,319
1055,318
1117,351
1059,382
982,379
497,1019
593,943
694,896
773,915
849,887
951,923
1050,981
965,1084
868,1122
785,1135
701,1131
597,1105
540,1018
695,992
775,994
854,982
1010,983
860,990
780,1006
699,999
# } 
# Left iris [x,y,r] { 
1010
339
41
# } 
# Right iris [x,y,r] { 
387
309
41
# } 
# Face bounding Box [top(x), left(y), width, height] { 
108
-187
1345
1488
# }