# File name { 
7410854_pre_smile.png
# } 
# 68 facial Landmarks [x,y] { 
77,323
78,413
88,505
105,596
135,680
182,755
243,818
321,866
417,880
516,862
602,819
669,759
719,687
752,604
765,514
774,420
778,326
114,185
144,116
210,84
282,88
350,114
479,126
545,102
618,102
683,132
715,200
409,215
408,266
406,317
405,373
317,436
359,449
408,458
456,449
503,438
182,255
218,228
262,228
309,255
261,259
218,260
515,261
557,239
599,241
640,265
598,267
555,265
240,597
297,556
361,535
407,544
450,537
515,558
580,603
518,655
453,674
407,677
357,673
295,653
267,598
360,575
407,578
451,576
551,601
453,626
408,630
360,625
# } 
# Left iris [x,y,r] { 
577
253
33
# } 
# Right iris [x,y,r] { 
245
244
34
# } 
# Face bounding Box [top(x), left(y), width, height] { 
62
62
776
776
# }