# File name { 
7410854_post_smile.png
# } 
# 68 facial Landmarks [x,y] { 
137,357
152,519
177,677
213,840
269,997
360,1137
486,1245
646,1316
837,1323
1020,1282
1157,1182
1247,1047
1334,912
1366,756
1372,598
1366,446
1343,302
238,153
302,50
412,1
534,7
643,61
870,53
966,1
1083,1
1191,6
1253,109
760,205
767,301
774,396
782,499
623,625
702,636
787,648
863,630
936,612
366,292
431,254
505,249
584,284
511,300
435,306
930,282
1005,249
1075,250
1136,279
1075,297
1003,296
497,895
607,828
721,786
795,801
869,776
980,806
1083,854
996,967
898,1019
811,1032
729,1032
612,994
546,900
721,882
796,883
872,869
1038,861
883,890
806,904
729,902
# } 
# Left iris [x,y,r] { 
1033
273
54
# } 
# Right iris [x,y,r] { 
475
277
57
# } 
# Face bounding Box [top(x), left(y), width, height] { 
213
-162
1143
1267
# }