# File name { 
7436810_post_repose.PNG
# } 
# 68 facial Landmarks [x,y] { 
98,227
98,292
106,348
117,395
136,439
165,478
203,507
245,534
295,543
344,527
385,499
419,468
441,428
460,387
475,336
478,280
474,220
115,160
133,138
161,123
192,128
232,142
323,148
361,132
391,126
422,137
447,158
279,203
279,236
279,269
278,303
236,338
258,341
279,342
303,340
325,337
152,206
174,195
203,195
232,211
202,215
173,216
327,213
359,192
388,190
411,205
390,217
360,218
214,423
234,399
266,386
283,391
302,385
340,394
367,411
349,435
323,453
295,457
267,454
235,445
230,423
265,415
287,414
311,409
354,412
316,421
292,423
269,420
# } 
# Left iris [x,y,r] { 
372
204
17
# } 
# Right iris [x,y,r] { 
184
209
16
# } 
# Face bounding Box [top(x), left(y), width, height] { 
77
125
412
412
# }