# File name { 
7436810_pre_smile.PNG
# } 
# 68 facial Landmarks [x,y] { 
58,348
58,407
66,464
80,508
97,552
122,593
158,628
203,656
259,672
314,654
363,624
405,589
435,547
453,502
462,452
461,395
454,337
77,288
94,261
127,251
162,256
192,271
294,266
328,254
362,250
397,260
419,282
244,314
243,347
242,380
242,415
202,438
223,443
247,447
274,441
297,434
120,325
139,315
166,315
201,324
168,328
140,330
295,324
329,309
358,308
378,316
358,324
331,327
172,532
207,490
232,476
253,488
281,474
314,491
352,508
335,549
296,570
257,576
219,573
197,564
194,529
243,517
277,508
295,507
338,508
314,533
285,544
255,545
# } 
# Left iris [x,y,r] { 
340
315
23
# } 
# Right iris [x,y,r] { 
147
324
22
# } 
# Face bounding Box [top(x), left(y), width, height] { 
31
214
410
410
# }