# File name { 
7436810_pre_repose.PNG
# } 
# 68 facial Landmarks [x,y] { 
85,314
85,371
94,422
103,471
118,517
142,559
178,595
221,623
278,638
335,625
385,596
428,561
459,521
479,474
491,422
491,363
486,306
106,260
123,235
156,225
191,226
221,237
318,237
350,224
389,217
425,228
447,253
268,286
267,318
265,349
263,383
226,417
246,420
266,422
290,423
312,424
144,299
166,289
192,287
225,296
194,301
167,303
321,295
353,281
384,280
405,289
384,301
354,301
196,503
213,478
241,465
255,471
273,468
312,481
347,504
322,521
287,530
257,534
231,533
206,525
210,499
237,492
259,496
282,495
330,501
280,497
254,499
234,499
# } 
# Left iris [x,y,r] { 
369
292
17
# } 
# Right iris [x,y,r] { 
177
295
22
# } 
# Face bounding Box [top(x), left(y), width, height] { 
76
169
410
410
# }