# File name { 
7436810_post_smile.PNG
# } 
# 68 facial Landmarks [x,y] { 
76,211
75,280
84,342
96,396
118,448
153,492
200,525
250,553
308,561
362,538
405,505
440,467
466,422
479,371
482,322
483,264
479,203
101,143
121,120
154,106
192,108
232,128
331,136
368,119
400,112
439,126
463,152
286,194
287,230
290,265
292,302
239,337
266,340
294,340
320,333
342,323
143,196
167,185
197,186
230,204
197,207
166,207
335,203
366,180
395,178
419,192
398,203
369,205
213,424
245,393
284,375
305,377
325,365
365,372
390,391
378,430
353,456
321,463
286,461
244,450
238,420
284,405
313,397
342,388
377,392
360,414
329,423
297,421
# } 
# Left iris [x,y,r] { 
381
191
17
# } 
# Right iris [x,y,r] { 
181
202
21
# } 
# Face bounding Box [top(x), left(y), width, height] { 
75
123
407
406
# }