# File name { 
7446956_post_repose2.PNG
# } 
# 68 facial Landmarks [x,y] { 
67,274
67,334
77,396
87,445
103,488
127,532
166,560
211,580
261,587
313,583
359,564
397,535
421,495
439,450
452,399
466,347
474,285
105,214
128,188
162,178
199,182
234,193
328,198
362,186
396,182
428,192
448,220
277,250
276,283
274,315
273,348
233,385
251,388
270,389
290,389
308,388
150,252
168,232
198,235
227,263
196,266
166,264
326,266
356,239
387,240
405,260
388,272
357,272
193,454
221,445
248,441
263,447
279,444
309,453
336,465
311,476
283,479
260,480
237,478
213,470
207,455
243,459
263,463
285,463
320,463
284,462
263,463
242,461
# } 
# Left iris [x,y,r] { 
372
254
16
# } 
# Right iris [x,y,r] { 
179
252
21
# } 
# Face bounding Box [top(x), left(y), width, height] { 
77
170
412
412
# }