# File name { 
7487140_pre_repose2.PNG
# } 
# 68 facial Landmarks [x,y] { 
44,398
37,472
44,536
54,593
86,657
128,699
179,741
236,759
296,765
363,756
416,724
465,690
495,637
515,581
525,522
533,457
527,385
85,335
115,301
157,288
201,293
237,310
350,310
389,298
431,292
471,305
495,332
300,378
303,427
306,476
308,526
252,546
279,556
307,564
331,560
351,553
118,385
161,365
201,366
228,387
188,398
149,400
344,395
386,368
427,366
453,384
430,402
390,404
196,627
235,613
272,607
294,616
317,610
345,617
382,635
360,661
320,672
287,678
249,674
219,653
221,627
264,632
293,637
318,637
365,638
318,643
285,639
261,638
# } 
# Left iris [x,y,r] { 
405
373
22
# } 
# Right iris [x,y,r] { 
166
375
23
# } 
# Face bounding Box [top(x), left(y), width, height] { 
43
224
543
543
# }