# File name { 
7487140_post_repose.PNG
# } 
# 68 facial Landmarks [x,y] { 
46,234
43,300
52,357
63,411
81,459
107,505
148,540
198,568
258,573
312,561
361,533
398,505
436,465
455,426
470,365
474,307
464,244
80,169
103,147
143,138
183,144
219,159
302,155
339,145
375,142
411,151
434,174
262,219
263,261
263,303
264,346
214,370
236,378
260,384
283,380
302,375
115,224
139,204
169,205
208,232
174,238
138,238
307,235
340,206
375,207
397,229
377,243
343,244
160,439
196,428
231,424
251,431
274,425
311,433
345,446
314,462
278,471
247,473
218,473
185,462
176,440
227,443
252,448
278,446
324,446
278,445
251,448
226,446
# } 
# Left iris [x,y,r] { 
359
219
19
# } 
# Right iris [x,y,r] { 
150
217
20
# } 
# Face bounding Box [top(x), left(y), width, height] { 
31
124
412
412
# }