# File name { 
7613493_post_smile.png
# } 
# 68 facial Landmarks [x,y] { 
151,444
166,587
189,726
215,859
260,987
338,1100
436,1193
550,1266
689,1280
824,1249
936,1163
1033,1066
1127,959
1163,828
1161,689
1169,557
1174,419
218,395
279,308
387,277
498,277
608,307
719,315
825,290
931,282
1032,304
1094,376
671,404
675,507
680,609
685,716
558,764
620,784
686,800
750,774
809,746
344,441
400,406
465,404
529,439
465,454
400,458
804,427
861,386
924,387
982,418
927,437
864,436
475,946
553,928
630,909
685,918
740,898
806,900
875,905
812,966
750,1006
691,1020
632,1022
555,1001
508,949
630,951
687,952
742,939
844,915
744,935
688,951
633,951
# } 
# Left iris [x,y,r] { 
890
407
44
# } 
# Right iris [x,y,r] { 
413
415
36
# } 
# Face bounding Box [top(x), left(y), width, height] { 
188
195
1009
1002
# }