# File name { 
7645082_pre_repose.PNG
# } 
# 68 facial Landmarks [x,y] { 
46,255
52,321
65,380
74,437
90,491
123,535
173,560
227,571
284,571
342,568
394,552
434,521
452,480
473,430
480,374
492,319
501,257
95,182
123,157
159,151
204,154
234,169
318,169
357,160
398,156
435,168
453,184
286,221
287,252
288,282
290,315
240,365
264,365
285,364
302,365
321,359
136,225
161,207
194,210
223,235
191,241
158,240
335,238
365,212
398,212
419,235
399,247
366,245
200,451
237,430
272,418
295,422
313,418
338,429
361,462
339,452
316,451
294,449
269,447
238,447
218,445
267,437
292,437
314,436
346,447
312,436
291,435
268,436
# } 
# Left iris [x,y,r] { 
378
229
21
# } 
# Right iris [x,y,r] { 
177
219
21
# } 
# Face bounding Box [top(x), left(y), width, height] { 
39
95
496
496
# }