# File name { 
7645082_post_smile.PNG
# } 
# 68 facial Landmarks [x,y] { 
5,301
3,358
21,422
43,473
67,525
105,569
152,588
204,597
258,606
313,597
366,588
408,563
431,523
450,473
460,420
472,361
471,300
88,210
107,189
137,178
170,181
196,194
313,199
347,187
382,189
406,200
432,214
262,260
262,292
262,324
262,357
217,394
238,396
260,397
284,396
306,393
96,253
136,237
173,244
196,264
166,267
124,264
318,261
344,245
373,248
395,269
375,270
342,271
169,465
205,461
234,459
252,463
273,459
310,466
350,466
320,475
289,474
262,474
235,471
203,470
187,464
231,472
257,474
282,472
335,469
284,469
259,467
235,463
# } 
# Left iris [x,y,r] { 
359
257
16
# } 
# Right iris [x,y,r] { 
153
250
20
# } 
# Face bounding Box [top(x), left(y), width, height] { 
31
170
414
413
# }