# File name { 
7645082_pre_smile.PNG
# } 
# 68 facial Landmarks [x,y] { 
26,253
34,313
46,367
62,418
76,465
103,509
151,532
208,544
268,544
327,536
381,517
415,484
436,444
452,398
464,350
472,299
476,243
62,170
84,140
121,123
158,124
197,139
302,143
339,129
375,133
401,141
419,155
254,196
256,228
259,260
263,292
212,338
239,339
268,339
295,333
318,328
109,203
132,182
164,186
196,212
163,217
131,215
308,211
341,189
371,189
387,209
371,216
342,216
173,419
223,400
255,389
275,394
299,390
320,394
350,404
317,417
297,417
272,416
239,417
214,421
196,413
255,409
285,407
314,403
336,406
316,406
287,406
255,407
# } 
# Left iris [x,y,r] { 
354
200
16
# } 
# Right iris [x,y,r] { 
150
192
20
# } 
# Face bounding Box [top(x), left(y), width, height] { 
-71
39
545
490
# }