# File name { 
7671616_pre_repose.PNG
# } 
# 68 facial Landmarks [x,y] { 
17,255
22,317
38,375
51,428
65,481
91,528
139,563
197,584
264,596
327,585
388,564
437,529
468,481
485,427
497,372
507,314
507,246
54,182
81,150
125,140
166,152
203,164
319,163
355,148
398,140
442,148
469,175
263,216
264,249
265,282
265,316
221,367
243,368
266,367
290,365
312,364
100,226
127,209
163,209
200,228
163,239
125,242
325,226
364,203
401,203
426,220
404,237
367,237
180,460
210,431
244,414
264,420
284,413
319,431
344,457
316,466
286,471
261,474
235,473
207,469
201,454
243,440
264,441
286,440
325,452
284,443
262,446
239,446
# } 
# Left iris [x,y,r] { 
382
217
20
# } 
# Right iris [x,y,r] { 
143
223
20
# } 
# Face bounding Box [top(x), left(y), width, height] { 
-71
95
549
495
# }