# File name { 
7671616_post_smile.PNG
# } 
# 68 facial Landmarks [x,y] { 
101,236
100,273
106,309
114,343
127,371
151,393
184,407
218,421
256,427
300,417
330,404
363,390
384,367
394,336
399,302
402,267
399,229
130,191
146,176
170,171
197,177
218,187
281,183
303,173
329,169
352,174
370,188
249,212
249,228
250,244
250,262
223,289
236,290
250,290
266,289
280,287
157,226
174,222
191,220
212,223
191,226
174,229
288,221
309,213
327,214
343,219
327,222
309,221
199,333
218,318
242,311
255,313
268,310
293,318
316,331
296,337
274,336
258,335
242,335
220,336
211,330
241,325
256,324
272,323
306,330
272,326
256,325
241,325
# } 
# Left iris [x,y,r] { 
315
217
16
# } 
# Right iris [x,y,r] { 
184
224
16
# } 
# Face bounding Box [top(x), left(y), width, height] { 
116
148
284
284
# }