# File name { 
7671616_post_repose.PNG
# } 
# 68 facial Landmarks [x,y] { 
116,247
114,285
120,322
127,357
141,386
162,411
193,427
227,435
264,440
299,435
335,426
367,410
388,386
399,354
407,319
412,283
408,244
142,198
158,182
183,175
210,178
232,188
295,187
317,177
342,174
365,181
382,197
263,218
264,231
264,245
265,260
239,297
251,295
264,295
277,296
289,297
171,232
189,228
205,226
225,229
206,232
189,234
300,227
320,223
338,225
354,229
337,231
320,229
214,354
230,334
249,323
261,326
273,323
295,334
312,351
294,352
278,351
265,351
250,353
232,355
224,349
251,339
263,339
276,339
302,347
276,338
263,338
250,340
# } 
# Left iris [x,y,r] { 
327
227
16
# } 
# Right iris [x,y,r] { 
198
230
16
# } 
# Face bounding Box [top(x), left(y), width, height] { 
116
148
283
283
# }