# File name { 
7673139_post_repose.png
# } 
# 68 facial Landmarks [x,y] { 
82,587
77,692
84,797
94,900
117,1003
164,1096
233,1173
314,1230
403,1250
494,1243
585,1198
665,1135
724,1051
761,954
785,855
810,755
826,654
139,553
189,508
260,501
331,521
394,555
525,567
597,550
668,542
736,559
778,606
460,628
455,691
450,755
445,822
368,866
401,881
435,894
471,890
504,883
223,614
266,594
315,601
358,638
310,643
259,638
546,656
594,627
643,632
682,657
643,672
594,669
294,993
343,971
389,961
423,976
461,971
505,994
552,1027
499,1044
452,1045
413,1041
376,1034
335,1018
314,994
385,993
420,1002
459,1003
530,1023
456,1006
417,1004
383,995
# } 
# Left iris [x,y,r] { 
616
640
30
# } 
# Right iris [x,y,r] { 
274
626
27
# } 
# Face bounding Box [top(x), left(y), width, height] { 
53
438
693
692
# }