# File name { 
7673139_post_smile.png
# } 
# 68 facial Landmarks [x,y] { 
77,540
71,642
72,744
70,845
85,946
126,1037
185,1117
255,1184
345,1215
443,1212
535,1166
618,1104
692,1026
742,938
776,840
808,738
808,655
146,538
200,504
269,503
338,521
401,552
532,560
599,542
668,533
735,545
778,592
459,614
449,679
439,743
427,811
340,826
376,847
413,868
455,864
494,858
226,590
271,577
316,583
356,615
308,613
262,606
548,642
596,619
643,622
683,642
642,655
594,652
232,922
284,905
345,908
389,928
433,928
485,951
533,991
464,1003
406,1016
360,1025
312,1022
262,990
250,927
339,937
384,951
428,957
509,988
415,993
370,991
325,980
# } 
# Left iris [x,y,r] { 
619
633
30
# } 
# Right iris [x,y,r] { 
308
600
27
# } 
# Face bounding Box [top(x), left(y), width, height] { 
129
436
689
689
# }