# File name { 
7673139_pre_smile.png
# } 
# 68 facial Landmarks [x,y] { 
250,308
246,437
235,571
229,699
243,832
309,960
394,1062
489,1152
620,1193
771,1202
917,1160
1053,1093
1163,997
1236,881
1288,748
1341,604
1355,459
334,287
418,245
521,244
623,267
719,301
899,321
1008,302
1114,298
1219,320
1292,388
791,380
774,464
753,548
729,635
613,676
659,700
708,729
771,730
831,732
444,358
510,333
580,338
637,391
569,393
500,384
951,428
1022,394
1095,401
1156,442
1089,459
1015,449
444,816
522,786
601,784
663,813
727,817
806,866
903,932
781,951
684,961
620,949
554,929
488,887
473,822
588,825
655,850
716,861
864,924
701,892
637,884
573,865
# } 
# Left iris [x,y,r] { 
1065
422
46
# } 
# Right iris [x,y,r] { 
525
358
37
# } 
# Face bounding Box [top(x), left(y), width, height] { 
226
94
1211
1210
# }