# File name { 
7682396_pre_smile.PNG
# } 
# 68 facial Landmarks [x,y] { 
68,185
70,247
77,302
75,367
95,412
128,454
166,493
213,525
267,542
325,539
379,516
423,479
457,431
477,376
488,319
499,258
502,191
95,150
122,127
160,122
199,129
233,144
325,135
363,121
404,112
445,119
473,144
281,184
280,223
279,261
277,301
223,321
246,330
272,339
301,339
326,336
144,186
168,178
194,178
225,190
193,186
168,186
340,194
370,174
400,175
423,187
400,195
372,195
171,369
196,369
228,376
247,385
271,386
315,398
354,415
315,425
276,428
245,425
216,416
192,394
184,373
228,390
252,401
278,407
329,413
276,408
249,405
226,396
# } 
# Left iris [x,y,r] { 
380
185
16
# } 
# Right iris [x,y,r] { 
184
182
22
# } 
# Face bounding Box [top(x), left(y), width, height] { 
39
39
492
492
# }