# File name { 
7682396_post_smile.PNG
# } 
# 68 facial Landmarks [x,y] { 
108,275
106,315
112,355
120,394
135,428
157,456
186,477
218,492
255,499
290,490
325,472
352,454
369,425
382,392
391,350
396,316
394,273
124,232
139,213
163,207
189,211
212,222
284,217
306,206
332,203
356,213
371,232
249,258
250,281
251,303
253,326
219,351
236,354
253,356
271,353
285,349
158,262
171,254
189,254
210,267
189,267
171,267
286,268
307,259
326,260
340,267
325,271
307,270
195,400
220,391
243,388
258,391
272,388
292,391
307,400
292,408
273,411
256,412
239,411
217,408
207,400
240,402
257,403
272,401
297,399
270,399
255,400
240,399
# } 
# Left iris [x,y,r] { 
317
266
16
# } 
# Right iris [x,y,r] { 
181
259
14
# } 
# Face bounding Box [top(x), left(y), width, height] { 
116
179
282
283
# }