# File name { 
7682396_post_repose.PNG
# } 
# 68 facial Landmarks [x,y] { 
115,282
113,325
118,365
132,402
145,435
167,460
195,481
229,495
265,500
300,493
334,480
360,454
378,422
390,393
397,360
403,321
402,278
132,235
147,214
172,207
199,211
222,222
292,221
315,210
341,206
365,215
380,234
259,262
260,282
262,302
263,324
234,356
249,356
264,356
279,354
293,352
166,267
179,256
200,256
220,270
199,273
179,274
294,270
315,259
335,261
349,270
335,275
315,274
212,414
236,401
258,394
271,397
281,393
300,399
314,408
300,415
284,420
269,421
254,422
234,420
226,412
254,409
269,409
281,407
304,407
280,406
268,408
255,408
# } 
# Left iris [x,y,r] { 
324
268
14
# } 
# Right iris [x,y,r] { 
192
266
14
# } 
# Face bounding Box [top(x), left(y), width, height] { 
116
180
284
284
# }