# File name { 
7694716_post_repose.PNG
# } 
# 68 facial Landmarks [x,y] { 
60,167
51,219
52,274
61,328
84,375
109,420
153,453
205,479
266,489
327,481
374,455
415,422
446,380
461,329
467,275
470,220
467,163
101,136
121,105
154,88
188,88
225,100
294,100
327,85
364,92
396,108
421,138
262,133
261,160
260,188
259,216
225,258
242,257
260,257
281,256
298,257
143,148
164,134
193,132
220,143
192,152
165,156
306,145
335,132
363,135
383,149
363,156
335,151
186,336
210,315
239,306
260,310
284,306
320,317
346,336
326,345
300,349
270,348
239,346
210,342
202,332
238,324
263,326
289,325
331,334
292,330
265,330
238,328
# } 
# Left iris [x,y,r] { 
348
143
16
# } 
# Right iris [x,y,r] { 
180
140
16
# } 
# Face bounding Box [top(x), left(y), width, height] { 
31
31
410
410
# }