# File name { 
7694716_pre_smile.PNG
# } 
# 68 facial Landmarks [x,y] { 
11,182
12,246
19,307
27,367
40,429
76,479
121,526
177,567
251,585
324,575
382,540
431,493
469,439
492,379
503,318
512,253
512,182
59,138
87,113
129,98
166,99
212,107
311,102
352,80
393,89
433,103
462,128
257,152
257,195
256,236
255,280
191,301
220,312
253,321
289,315
318,308
100,163
128,152
160,150
196,160
161,165
129,168
319,161
358,150
390,153
416,164
388,168
357,166
142,369
184,363
214,365
236,370
268,373
318,380
368,397
340,415
290,422
256,419
218,419
181,402
161,376
216,380
239,384
272,391
351,390
281,400
248,396
200,388
# } 
# Left iris [x,y,r] { 
370
157
26
# } 
# Right iris [x,y,r] { 
148
158
26
# } 
# Face bounding Box [top(x), left(y), width, height] { 
-71
39
549
495
# }