# File name { 
7705245_post_repose.PNG
# } 
# 68 facial Landmarks [x,y] { 
70,334
68,386
70,438
77,484
90,530
114,568
155,593
198,608
249,615
300,608
351,595
398,570
430,537
450,491
458,442
462,392
458,337
102,284
123,259
154,248
189,249
221,261
289,252
323,245
357,249
387,262
409,286
251,304
250,334
248,363
247,394
215,429
230,431
246,432
266,430
283,427
140,318
160,305
187,306
216,321
187,326
160,327
295,319
324,306
351,307
370,321
352,329
325,328
176,499
209,486
230,476
244,480
260,475
285,484
313,495
287,496
264,495
245,496
227,497
206,499
192,495
228,490
247,489
264,488
297,493
263,488
246,488
228,489
# } 
# Left iris [x,y,r] { 
341
317
16
# } 
# Right iris [x,y,r] { 
170
315
16
# } 
# Face bounding Box [top(x), left(y), width, height] { 
31
170
414
413
# }