# File name { 
7705245_pre_repose.PNG
# } 
# 68 facial Landmarks [x,y] { 
22,295
25,353
35,408
43,459
57,509
84,552
132,580
187,597
249,603
308,592
367,571
414,540
444,498
458,449
467,397
474,341
473,283
64,226
87,193
125,178
169,178
204,191
287,172
326,159
366,160
400,177
421,207
245,242
245,276
246,310
248,345
210,392
229,391
249,391
269,389
286,387
104,262
130,245
164,244
199,263
163,272
129,273
288,257
326,238
358,238
382,257
358,266
326,266
170,481
204,458
236,443
254,448
271,440
296,450
320,461
297,467
273,470
254,471
233,475
201,480
189,473
232,460
253,458
270,454
306,460
270,455
252,456
232,456
# } 
# Left iris [x,y,r] { 
343
248
20
# } 
# Right iris [x,y,r] { 
148
260
21
# } 
# Face bounding Box [top(x), left(y), width, height] { 
-71
95
548
494
# }