# File name { 
7705245_pre_smile.PNG
# } 
# 68 facial Landmarks [x,y] { 
41,253
44,317
58,378
71,437
88,493
117,545
169,580
229,598
294,597
356,578
415,546
459,504
484,453
493,397
495,338
500,278
496,217
86,197
112,169
141,155
184,158
223,174
297,162
335,148
374,142
412,147
439,169
261,217
264,259
267,300
271,343
231,379
254,381
278,381
302,371
319,359
121,238
148,217
182,217
220,240
182,250
147,252
309,226
344,204
374,203
401,219
375,226
346,228
195,464
243,445
278,426
301,427
318,416
344,415
368,419
353,436
333,452
307,460
276,467
233,472
214,459
266,448
297,442
321,431
354,421
325,436
300,443
269,449
# } 
# Left iris [x,y,r] { 
361
213
21
# } 
# Right iris [x,y,r] { 
167
230
20
# } 
# Face bounding Box [top(x), left(y), width, height] { 
39
95
495
495
# }