# File name { 
7705245_post_smile.PNG
# } 
# 68 facial Landmarks [x,y] { 
55,333
46,382
55,431
60,480
71,528
93,569
133,598
182,617
237,625
292,618
346,601
392,573
424,532
438,487
447,437
451,387
447,335
95,285
119,267
151,254
179,259
210,270
279,266
312,255
338,258
370,271
391,290
242,315
241,347
240,380
239,413
204,435
220,441
239,445
262,440
280,433
131,325
150,313
177,314
207,329
177,334
150,333
287,326
315,309
342,311
361,325
342,332
315,331
152,488
185,484
214,476
231,480
251,475
282,479
312,488
283,495
253,498
229,501
203,502
175,500
165,487
209,491
234,492
257,489
297,488
253,489
231,490
206,492
# } 
# Left iris [x,y,r] { 
331
317
16
# } 
# Right iris [x,y,r] { 
163
318
16
# } 
# Face bounding Box [top(x), left(y), width, height] { 
31
214
410
410
# }