# File name { 
7707944_post_smile.png
# } 
# 68 facial Landmarks [x,y] { 
149,612
149,714
156,818
168,927
200,1031
265,1122
363,1188
478,1232
604,1247
726,1228
830,1179
913,1106
944,1013
966,912
975,820
985,712
986,628
277,484
341,454
410,456
475,476
537,501
694,503
754,479
816,465
879,465
932,496
616,571
617,629
618,688
619,751
525,814
568,828
614,841
659,826
699,811
351,582
396,563
445,570
491,600
440,604
391,600
720,600
766,566
815,561
859,583
820,599
771,604
394,946
474,904
557,890
615,897
673,885
751,894
819,927
757,998
682,1029
619,1036
557,1032
473,1007
423,949
556,933
614,937
674,929
792,934
679,979
618,985
559,983
# } 
# Left iris [x,y,r] { 
804
585
27
# } 
# Right iris [x,y,r] { 
394
586
27
# } 
# Face bounding Box [top(x), left(y), width, height] { 
159
351
851
851
# }