# File name { 
7707944_pre_repose.png
# } 
# 68 facial Landmarks [x,y] { 
213,427
220,542
237,656
259,769
294,878
368,967
479,1030
611,1067
752,1082
887,1068
1000,1020
1085,943
1126,838
1142,725
1159,619
1177,516
1185,413
343,302
418,257
501,240
590,252
674,281
843,285
917,256
994,248
1066,263
1123,310
764,362
769,416
776,470
783,527
682,630
727,635
771,641
810,639
845,637
425,381
487,343
560,349
623,406
555,418
480,414
868,413
934,358
1005,356
1053,400
1009,430
937,431
559,799
639,731
714,700
761,715
814,706
876,741
932,812
871,848
809,857
753,859
700,853
631,839
591,794
709,756
758,760
811,761
899,805
809,791
755,792
706,789
# } 
# Left iris [x,y,r] { 
967
394
46
# } 
# Right iris [x,y,r] { 
512
387
46
# } 
# Face bounding Box [top(x), left(y), width, height] { 
191
79
1023
1023
# }