# File name { 
7707944_post_repose.png
# } 
# 68 facial Landmarks [x,y] { 
139,750
141,856
154,963
171,1070
202,1173
260,1262
346,1333
450,1385
570,1403
689,1389
793,1339
879,1272
923,1181
947,1082
964,977
983,871
975,767
236,646
296,616
365,612
435,627
501,651
649,649
716,621
789,609
860,615
918,650
579,720
578,778
576,837
574,899
495,973
534,985
573,995
615,987
655,978
311,734
359,710
414,714
464,751
410,761
355,758
691,749
740,710
796,706
843,732
801,756
745,759
400,1122
457,1072
521,1053
568,1067
616,1058
684,1082
747,1129
682,1179
615,1193
564,1195
513,1189
453,1168
427,1120
520,1098
568,1103
616,1103
718,1129
614,1131
565,1131
516,1126
# } 
# Left iris [x,y,r] { 
743
711
30
# } 
# Right iris [x,y,r] { 
359
718
30
# } 
# Face bounding Box [top(x), left(y), width, height] { 
161
450
862
862
# }