# File name { 
7709563_post_smile.PNG
# } 
# 68 facial Landmarks [x,y] { 
23,263
15,327
15,386
30,438
48,480
81,521
131,548
189,566
253,575
319,561
383,544
435,515
469,477
488,428
497,374
500,319
492,259
50,188
74,162
114,155
156,163
191,179
299,167
337,153
379,152
415,163
442,184
248,217
248,249
249,281
250,314
202,346
225,352
252,355
278,353
301,351
99,230
121,216
153,217
193,235
155,236
123,237
302,236
343,223
375,223
396,233
372,236
342,237
153,410
195,394
232,386
250,392
274,387
315,400
343,418
320,434
287,444
251,446
218,442
183,428
175,410
222,412
252,416
283,416
325,418
282,416
251,416
221,415
# } 
# Left iris [x,y,r] { 
356
228
26
# } 
# Right iris [x,y,r] { 
141
224
26
# } 
# Face bounding Box [top(x), left(y), width, height] { 
-71
94
544
489
# }