# File name { 
7709563_pre_repose.PNG
# } 
# 68 facial Landmarks [x,y] { 
4,296
3,359
11,416
19,470
34,522
63,567
113,598
173,617
239,629
305,618
370,600
425,568
463,524
481,472
489,415
493,355
489,291
42,221
67,191
108,179
152,185
191,201
291,184
331,169
375,165
413,178
438,204
240,235
240,265
240,295
241,327
196,381
219,380
241,379
266,380
288,383
82,254
109,238
144,236
180,249
146,258
110,263
299,248
338,229
374,231
398,247
373,255
339,254
160,475
190,447
225,430
243,436
261,432
294,449
319,471
300,485
273,492
244,494
216,491
187,484
179,470
217,461
242,463
267,462
303,470
267,463
243,463
217,461
# } 
# Left iris [x,y,r] { 
356
236
20
# } 
# Right iris [x,y,r] { 
126
242
20
# } 
# Face bounding Box [top(x), left(y), width, height] { 
-72
96
552
496
# }