# File name { 
7709563_pre_smile.PNG
# } 
# 68 facial Landmarks [x,y] { 
21,249
20,312
27,372
36,428
51,479
81,526
129,562
187,587
256,601
325,586
387,560
442,527
484,483
509,429
516,369
519,306
512,238
47,191
71,162
111,152
156,158
193,175
295,151
335,134
382,130
426,141
457,167
245,204
244,238
244,272
244,307
196,347
221,350
249,352
278,350
304,349
90,222
117,213
148,210
186,218
151,220
118,224
313,214
353,204
385,204
411,213
384,217
352,216
161,429
193,408
228,397
249,403
271,398
314,411
346,430
323,449
289,456
256,456
225,453
190,444
178,427
222,424
250,427
280,425
329,431
280,426
250,426
223,425
# } 
# Left iris [x,y,r] { 
368
205
27
# } 
# Right iris [x,y,r] { 
129
218
26
# } 
# Face bounding Box [top(x), left(y), width, height] { 
-72
96
552
496
# }