# File name { 
7709563_post_repose.PNG
# } 
# 68 facial Landmarks [x,y] { 
69,262
60,327
62,386
76,441
90,491
121,531
171,555
228,570
289,576
354,568
413,557
464,536
495,498
514,451
526,398
533,339
530,278
105,188
131,163
170,154
213,157
251,171
346,169
385,159
429,158
465,171
490,196
296,218
295,247
293,276
291,306
249,353
268,354
290,355
313,358
334,361
150,227
174,210
208,211
241,235
207,236
174,237
350,239
386,219
418,220
441,237
417,243
385,242
208,438
235,411
264,395
279,403
298,399
337,417
369,441
345,448
315,454
287,458
257,455
231,447
228,433
260,424
284,427
311,427
353,437
312,428
285,428
260,426
# } 
# Left iris [x,y,r] { 
404
228
19
# } 
# Right iris [x,y,r] { 
187
219
21
# } 
# Face bounding Box [top(x), left(y), width, height] { 
39
95
495
495
# }