# File name { 
7710681_post_smile.PNG
# } 
# 68 facial Landmarks [x,y] { 
147,316
145,352
143,393
141,426
151,461
168,492
191,521
223,545
265,562
307,555
346,539
378,513
400,481
415,447
424,410
429,369
426,329
166,287
184,273
208,269
233,272
253,282
309,282
333,274
358,272
383,279
400,292
279,308
277,332
274,356
270,382
244,390
255,398
267,405
285,405
301,405
192,312
206,307
226,307
251,315
225,316
207,316
313,318
337,310
358,311
373,320
357,325
336,323
203,438
219,426
240,423
250,430
263,432
290,446
323,463
285,476
264,481
242,476
225,469
213,458
212,440
235,436
252,444
272,451
308,461
268,462
247,462
229,458
# } 
# Left iris [x,y,r] { 
350
313
14
# } 
# Right iris [x,y,r] { 
215
311
17
# } 
# Face bounding Box [top(x), left(y), width, height] { 
100
217
343
343
# }