# File name { 
7714355_pre_smile.PNG
# } 
# 68 facial Landmarks [x,y] { 
54,196
48,252
56,319
68,381
92,438
121,490
164,532
215,567
278,586
343,578
395,550
445,508
480,453
502,393
518,328
530,257
530,184
97,150
128,124
167,114
209,117
247,130
328,124
369,110
413,103
456,113
487,142
286,179
284,219
280,259
276,301
229,329
248,336
270,344
296,346
319,347
146,186
172,174
202,175
234,191
200,192
171,192
344,190
377,169
409,169
435,181
410,195
379,196
193,419
203,399
221,390
237,400
259,398
289,412
336,459
298,466
265,465
239,466
219,455
203,440
209,416
227,408
246,415
270,422
316,451
271,439
244,438
225,431
# } 
# Left iris [x,y,r] { 
394
177
20
# } 
# Right iris [x,y,r] { 
184
183
24
# } 
# Face bounding Box [top(x), left(y), width, height] { 
39
39
495
495
# }