# File name { 
7714355_post_repose.PNG
# } 
# 68 facial Landmarks [x,y] { 
49,188
50,259
46,325
54,390
84,442
120,485
163,521
214,544
270,554
324,545
375,519
416,481
437,432
452,378
473,318
485,250
488,179
89,148
111,112
150,98
191,104
230,121
308,112
345,100
384,94
421,106
446,139
266,169
265,207
265,245
265,284
222,319
242,324
265,328
289,325
310,321
130,177
156,166
186,166
215,179
184,184
154,188
318,179
350,162
382,162
406,174
382,186
352,185
198,416
216,392
240,380
257,385
277,379
313,390
337,414
315,424
289,428
264,430
239,430
215,426
216,409
242,402
264,404
287,403
321,411
287,404
264,404
241,404
# } 
# Left iris [x,y,r] { 
367
168
21
# } 
# Right iris [x,y,r] { 
172
174
21
# } 
# Face bounding Box [top(x), left(y), width, height] { 
39
39
493
493
# }