# File name { 
7714355_pre_repose.PNG
# } 
# 68 facial Landmarks [x,y] { 
8,200
3,270
6,334
13,402
33,452
72,499
112,543
166,574
230,588
294,580
351,555
399,515
433,463
458,406
480,344
497,280
500,211
54,137
83,104
127,92
173,99
210,116
296,114
338,102
382,101
422,115
449,146
247,171
243,210
240,248
236,288
195,330
213,333
233,336
259,336
281,335
104,177
127,161
162,164
196,182
159,189
125,190
305,185
341,168
374,170
397,184
375,197
341,195
145,442
176,407
193,397
209,402
228,399
271,415
304,460
265,464
236,470
213,470
187,465
170,452
165,435
200,421
219,424
240,427
282,448
240,434
217,434
197,431
# } 
# Left iris [x,y,r] { 
356
178
19
# } 
# Right iris [x,y,r] { 
143
172
21
# } 
# Face bounding Box [top(x), left(y), width, height] { 
-72
40
553
497
# }