# File name { 
7714355_post_smile.PNG
# } 
# 68 facial Landmarks [x,y] { 
47,187
52,257
46,321
50,385
80,438
114,476
156,511
203,536
259,549
317,543
371,520
413,485
437,440
455,385
472,329
493,254
495,205
89,153
113,130
148,123
185,126
222,138
313,130
349,118
386,113
424,119
452,144
265,179
264,222
263,264
262,307
210,318
234,332
261,341
289,335
312,326
134,188
157,177
185,178
215,191
184,194
157,196
320,190
351,172
383,171
404,184
383,195
353,196
176,382
203,379
228,381
245,387
268,384
305,390
338,402
310,420
276,428
247,430
219,422
194,406
191,385
225,391
248,398
274,399
322,403
274,405
247,406
222,402
# } 
# Left iris [x,y,r] { 
371
180
21
# } 
# Right iris [x,y,r] { 
170
184
21
# } 
# Face bounding Box [top(x), left(y), width, height] { 
39
39
493
493
# }