# File name { 
7717011_post_smile.PNG
# } 
# 68 facial Landmarks [x,y] { 
55,310
51,361
55,424
61,471
81,516
111,550
152,582
201,604
258,613
313,604
360,584
401,555
427,516
447,472
451,427
457,378
453,318
91,229
113,200
148,191
185,199
214,218
306,215
340,202
377,199
409,215
426,243
262,272
261,301
259,330
258,359
216,398
236,400
256,402
279,405
300,407
138,274
156,262
185,263
217,282
185,283
158,282
305,286
338,274
364,275
383,284
363,289
338,289
171,465
197,449
224,443
240,449
259,448
297,459
338,470
306,484
268,492
241,495
216,493
187,484
188,464
224,458
245,462
270,464
320,469
269,477
241,480
219,478
# } 
# Left iris [x,y,r] { 
344
281
22
# } 
# Right iris [x,y,r] { 
175
274
16
# } 
# Face bounding Box [top(x), left(y), width, height] { 
32
172
417
417
# }