# File name { 
7717011_post_repose.PNG
# } 
# 68 facial Landmarks [x,y] { 
59,308
54,369
57,431
65,474
82,516
112,551
148,581
198,600
257,606
311,598
358,582
396,553
422,518
439,476
448,430
450,379
447,321
100,223
123,193
156,183
192,192
218,213
309,211
340,198
376,195
405,212
421,238
265,269
264,295
262,322
261,348
223,399
241,398
259,398
280,402
299,406
141,272
162,260
190,261
222,281
189,284
162,281
305,284
336,273
362,274
381,285
361,291
335,290
180,476
205,454
234,446
250,453
268,450
300,462
333,473
307,483
276,487
253,489
228,490
200,488
199,473
233,468
254,470
277,470
315,473
273,469
250,472
229,473
# } 
# Left iris [x,y,r] { 
345
279
16
# } 
# Right iris [x,y,r] { 
177
270
16
# } 
# Face bounding Box [top(x), left(y), width, height] { 
32
172
417
417
# }