# File name { 
7725803_pre_smile.PNG
# } 
# 68 facial Landmarks [x,y] { 
30,253
32,322
38,388
44,450
61,507
93,558
145,598
203,627
274,639
346,627
408,597
464,557
502,507
522,448
531,385
526,314
525,241
71,205
90,180
126,166
172,169
212,185
331,165
370,146
416,142
455,158
480,187
266,226
265,273
263,319
262,366
198,380
229,392
265,402
303,392
336,379
108,246
141,237
170,234
204,241
170,242
141,245
334,237
371,217
404,216
434,229
404,234
373,235
157,479
209,447
239,445
264,450
294,440
346,440
401,454
366,490
312,504
263,508
224,505
185,495
191,474
248,465
287,460
312,455
382,455
314,484
273,488
234,485
# } 
# Left iris [x,y,r] { 
384
225
27
# } 
# Right iris [x,y,r] { 
156
239
26
# } 
# Face bounding Box [top(x), left(y), width, height] { 
40
96
496
496
# }