# File name { 
7725803_post_smile.PNG
# } 
# 68 facial Landmarks [x,y] { 
61,306
64,371
66,434
79,483
97,531
129,572
178,597
231,613
288,621
348,610
402,589
447,561
477,520
493,472
500,413
505,358
502,294
103,245
124,215
160,199
201,203
237,220
332,212
367,196
406,190
440,205
462,233
279,263
278,302
278,339
276,378
220,400
247,407
276,414
310,406
338,398
138,282
164,273
190,271
221,279
190,280
166,283
338,278
372,264
400,263
422,275
398,276
372,276
184,468
216,455
257,455
282,460
308,455
352,456
389,469
368,498
329,508
293,510
258,505
216,492
202,471
252,474
285,475
320,470
373,474
325,487
290,486
257,482
# } 
# Left iris [x,y,r] { 
380
269
23
# } 
# Right iris [x,y,r] { 
179
277
23
# } 
# Face bounding Box [top(x), left(y), width, height] { 
39
150
491
488
# }