# File name { 
7725803_post_repose.PNG
# } 
# 68 facial Landmarks [x,y] { 
57,280
58,346
63,406
70,459
87,506
117,545
164,568
217,581
275,587
335,580
393,564
437,540
467,501
482,455
487,402
490,342
492,276
95,211
117,175
155,159
196,164
230,184
326,180
361,160
403,153
439,170
458,203
274,225
272,260
271,294
269,330
218,363
243,367
269,371
299,368
324,365
137,249
163,239
189,237
219,243
190,247
164,250
328,243
361,225
390,226
414,241
388,246
360,246
183,448
203,427
236,422
255,429
281,424
323,432
358,450
330,461
294,465
264,467
235,464
206,460
197,446
234,439
261,441
290,441
342,448
293,447
264,447
237,446
# } 
# Left iris [x,y,r] { 
375
237
21
# } 
# Right iris [x,y,r] { 
178
243
23
# } 
# Face bounding Box [top(x), left(y), width, height] { 
40
96
496
496
# }