# File name { 
7733839_pre_repose.png
# } 
# 68 facial Landmarks [x,y] { 
96,415
106,551
124,683
146,811
176,933
247,1035
361,1100
494,1140
632,1152
770,1140
900,1096
1017,1029
1092,931
1144,818
1162,694
1164,572
1174,445
215,318
281,250
376,221
478,227
571,258
693,262
791,238
893,239
986,274
1048,344
635,341
632,415
630,490
628,568
552,662
591,675
633,684
676,677
714,667
314,382
371,345
437,346
499,388
438,399
369,402
758,392
822,346
890,350
946,390
893,407
825,406
467,870
540,811
601,782
639,793
684,784
744,817
807,866
740,885
681,894
636,895
593,893
535,887
493,859
598,829
638,832
684,830
779,859
680,842
635,843
595,840
# } 
# Left iris [x,y,r] { 
861
372
41
# } 
# Right iris [x,y,r] { 
391
363
41
# } 
# Face bounding Box [top(x), left(y), width, height] { 
76
76
986
986
# }