# File name { 
7733786_post_repose.PNG
# } 
# 68 facial Landmarks [x,y] { 
59,220
60,282
67,339
75,400
96,448
129,490
172,525
220,553
279,563
337,555
388,530
429,495
460,452
480,402
493,350
502,293
503,232
92,197
121,171
164,168
206,181
243,197
328,191
365,177
407,169
445,177
469,204
282,226
281,257
279,288
277,320
237,352
256,356
276,359
298,360
317,360
145,226
170,214
200,214
232,231
199,236
169,237
334,236
368,221
398,223
422,236
400,249
368,246
205,422
232,410
257,403
275,411
296,407
326,421
361,441
331,449
303,449
278,447
253,442
229,435
224,423
253,420
274,424
297,426
337,441
297,428
274,426
253,422
# } 
# Left iris [x,y,r] { 
387
231
19
# } 
# Right iris [x,y,r] { 
185
220
20
# } 
# Face bounding Box [top(x), left(y), width, height] { 
77
125
412
412
# }