# File name { 
7733786_post_smile.PNG
# } 
# 68 facial Landmarks [x,y] { 
13,247
12,305
13,359
21,408
41,454
74,493
115,525
165,561
226,590
285,586
334,548
382,510
424,469
444,421
457,371
468,316
468,258
48,210
78,189
113,184
152,192
184,208
295,206
331,191
367,176
408,186
432,211
238,242
236,279
233,315
228,352
177,365
198,376
221,386
248,386
271,382
93,247
121,222
152,221
187,247
152,250
112,251
294,253
333,228
365,227
388,259
367,260
332,263
131,422
165,418
183,420
196,429
218,428
254,439
306,447
263,457
229,459
201,456
180,451
161,436
153,423
182,433
203,441
230,443
283,447
227,444
202,442
184,434
# } 
# Left iris [x,y,r] { 
350
249
21
# } 
# Right iris [x,y,r] { 
138
241
21
# } 
# Face bounding Box [top(x), left(y), width, height] { 
-69
92
533
480
# }