# File name { 
7733786_pre_smile.PNG
# } 
# 68 facial Landmarks [x,y] { 
39,152
36,212
41,268
49,323
66,374
96,420
135,461
182,494
238,513
297,507
352,483
399,448
430,402
447,350
460,295
466,236
472,175
74,129
103,105
143,103
183,113
219,127
314,127
350,114
389,105
428,112
452,138
263,159
261,192
258,225
255,260
203,275
224,286
247,296
272,299
293,299
124,159
152,152
179,153
211,164
178,163
150,163
316,170
349,154
379,155
405,168
382,180
350,178
148,328
174,322
201,322
217,333
241,334
277,354
316,379
278,382
242,381
213,378
185,368
166,350
163,333
197,335
218,346
244,355
292,373
241,360
214,358
190,349
# } 
# Left iris [x,y,r] { 
369
164
20
# } 
# Right iris [x,y,r] { 
167
157
24
# } 
# Face bounding Box [top(x), left(y), width, height] { 
32
32
413
413
# }