# File name { 
7733839_post_repose.png
# } 
# 68 facial Landmarks [x,y] { 
104,528
95,657
106,789
126,896
157,1015
218,1117
313,1188
421,1246
543,1267
670,1260
789,1215
902,1155
984,1067
1035,954
1061,831
1070,697
1069,573
217,418
278,360
364,345
452,360
532,391
659,392
743,367
831,365
916,392
969,452
591,467
586,532
582,596
577,666
487,751
531,766
573,779
619,771
661,761
303,481
352,449
411,452
470,496
410,502
349,503
703,504
766,462
827,468
876,506
826,520
765,515
371,933
441,883
512,865
561,880
616,871
680,897
743,943
673,949
609,958
551,957
506,954
440,963
395,925
510,911
559,918
614,915
713,937
611,926
555,928
505,925
# } 
# Left iris [x,y,r] { 
796
487
38
# } 
# Right iris [x,y,r] { 
365
478
39
# } 
# Face bounding Box [top(x), left(y), width, height] { 
71
279
922
922
# }