# File name { 
7733839_pre_smile.png
# } 
# 68 facial Landmarks [x,y] { 
124,388
134,521
150,655
168,784
202,903
279,1000
394,1070
529,1107
667,1114
804,1099
937,1051
1052,977
1131,881
1168,765
1184,643
1193,526
1197,399
242,301
303,228
395,200
492,212
583,245
708,259
804,231
907,225
1004,254
1070,317
649,334
648,413
648,493
649,577
558,649
605,665
656,676
707,660
753,644
334,376
390,337
456,342
519,386
455,395
387,396
776,384
842,333
909,332
968,370
914,389
846,392
463,826
542,777
611,758
666,764
723,752
789,762
888,766
791,817
726,835
667,842
609,842
540,842
487,818
610,795
666,797
725,788
840,777
724,789
664,798
608,798
# } 
# Left iris [x,y,r] { 
880
363
40
# } 
# Right iris [x,y,r] { 
411
357
41
# } 
# Face bounding Box [top(x), left(y), width, height] { 
78
78
1019
1019
# }