# File name { 
7739213_pre_smile.PNG
# } 
# 68 facial Landmarks [x,y] { 
32,248
35,319
41,387
49,443
71,503
101,557
145,600
196,634
260,643
320,625
372,589
405,540
439,485
455,429
464,370
469,307
465,245
74,180
99,152
136,138
176,142
207,160
300,167
335,160
368,161
402,166
427,190
255,218
255,264
256,310
256,357
200,375
227,386
256,393
287,383
312,370
121,222
144,210
173,210
201,222
172,226
144,228
302,224
337,197
366,200
387,217
368,227
339,228
161,478
195,463
229,460
252,464
278,455
318,450
364,437
333,474
303,505
258,513
221,515
187,505
179,478
225,473
258,472
292,463
353,448
295,481
260,488
227,487
# } 
# Left iris [x,y,r] { 
345
224
21
# } 
# Right iris [x,y,r] { 
155
218
22
# } 
# Face bounding Box [top(x), left(y), width, height] { 
-71
95
548
493
# }