# File name { 
7741833_pre_smile.PNG
# } 
# 68 facial Landmarks [x,y] { 
29,220
28,287
35,356
45,410
64,461
98,508
139,556
204,589
265,597
328,581
379,550
420,507
451,455
472,399
481,339
485,280
485,220
71,194
100,167
145,161
189,169
232,183
298,174
340,160
383,155
425,165
452,192
263,231
264,270
265,308
266,349
218,384
242,387
268,388
293,383
314,376
120,226
146,220
177,221
207,238
175,241
145,240
316,237
347,228
375,229
402,231
377,240
349,240
195,462
225,444
258,431
283,436
303,427
330,434
349,444
334,472
307,487
281,491
254,491
221,483
212,462
254,458
278,457
301,452
335,448
301,454
278,459
255,461
# } 
# Left iris [x,y,r] { 
359
234
24
# } 
# Right iris [x,y,r] { 
160
229
20
# } 
# Face bounding Box [top(x), left(y), width, height] { 
31
125
413
412
# }