# File name { 
7741833_post_repose.PNG
# } 
# 68 facial Landmarks [x,y] { 
19,217
15,297
26,368
45,428
73,485
112,533
162,570
217,599
280,608
341,593
394,559
440,519
474,467
497,410
506,348
511,282
511,209
62,178
92,143
140,132
188,139
233,152
308,146
350,128
390,122
431,132
475,160
271,210
272,253
272,293
273,336
223,379
248,381
273,383
300,380
323,375
121,213
144,203
178,202
210,221
177,223
144,224
332,219
365,197
397,196
422,207
398,219
367,221
200,470
226,445
258,431
280,438
301,430
328,441
347,458
333,483
308,496
280,500
252,499
222,490
219,469
254,462
280,462
303,458
331,460
302,460
279,463
254,464
# } 
# Left iris [x,y,r] { 
374
205
19
# } 
# Right iris [x,y,r] { 
162
208
20
# } 
# Face bounding Box [top(x), left(y), width, height] { 
39
95
496
496
# }