# File name { 
7741833_post_smile2.PNG
# } 
# 68 facial Landmarks [x,y] { 
177,373
156,543
167,714
203,868
288,1028
400,1127
555,1234
595,1350
773,1371
936,1325
1055,1233
1167,1113
1256,975
1305,824
1317,668
1316,516
1304,350
274,310
348,245
452,221
566,238
665,262
862,237
969,226
1056,201
1148,212
1208,248
757,368
761,466
765,562
768,665
651,757
706,763
768,763
831,752
889,738
391,407
460,395
544,385
635,404
542,428
463,433
877,392
962,374
1030,376
1098,388
1040,413
963,411
537,947
636,888
738,845
789,860
841,839
918,872
978,916
927,980
853,1016
778,1023
701,1024
611,1003
600,947
720,935
784,937
847,927
926,922
844,928
787,935
724,940
# } 
# Left iris [x,y,r] { 
988
393
57
# } 
# Right iris [x,y,r] { 
513
409
63
# } 
# Face bounding Box [top(x), left(y), width, height] { 
94
94
1209
1209
# }