# File name { 
7741833_pre_repose.PNG
# } 
# 68 facial Landmarks [x,y] { 
1,206
1,271
1,336
9,393
31,444
70,491
112,535
166,565
225,576
290,554
338,524
378,483
408,437
429,383
440,327
447,270
450,208
39,165
67,141
110,133
154,139
196,153
267,145
309,132
353,125
394,137
417,165
232,196
233,236
233,276
234,317
186,352
208,357
232,358
257,356
276,352
87,199
108,188
143,189
174,209
140,213
108,212
284,209
318,193
349,193
369,202
349,213
320,215
159,432
185,414
216,402
236,408
254,403
281,415
301,429
288,453
262,465
232,468
204,466
176,455
172,433
208,429
233,432
257,430
290,431
257,432
232,434
208,435
# } 
# Left iris [x,y,r] { 
331
204
18
# } 
# Right iris [x,y,r] { 
128
195
18
# } 
# Face bounding Box [top(x), left(y), width, height] { 
-70
39
541
487
# }