# File name { 
7746859_post_smile.PNG
# } 
# 68 facial Landmarks [x,y] { 
60,227
54,293
63,354
82,404
106,448
135,490
168,515
215,549
270,554
320,539
362,512
393,477
416,438
433,395
443,348
451,293
453,235
99,172
124,153
156,145
192,154
223,169
304,166
337,153
372,150
402,161
420,183
262,202
262,235
263,268
265,302
224,344
245,345
266,344
288,338
305,331
140,208
160,195
187,194
214,211
186,216
160,218
305,215
336,198
361,200
379,214
361,220
335,218
186,431
225,412
260,399
281,402
300,391
329,390
353,390
339,420
314,441
285,449
254,452
216,447
206,429
253,420
280,414
304,405
342,393
309,416
284,423
256,426
# } 
# Left iris [x,y,r] { 
347
207
16
# } 
# Right iris [x,y,r] { 
177
203
16
# } 
# Face bounding Box [top(x), left(y), width, height] { 
31
125
413
412
# }