# File name { 
7746859_post_repose.PNG
# } 
# 68 facial Landmarks [x,y] { 
51,246
51,311
63,366
75,417
95,462
123,505
164,536
211,555
263,560
309,547
349,520
376,484
394,443
408,400
417,353
425,301
426,244
91,200
116,177
151,169
185,178
216,191
290,189
321,176
351,171
380,179
399,199
254,222
255,252
258,281
261,313
223,362
242,360
261,358
278,355
292,352
132,230
152,217
179,216
205,234
178,240
152,241
291,235
318,216
344,217
364,232
345,241
319,239
187,447
220,430
252,418
270,422
285,414
307,419
327,425
313,445
291,458
270,463
247,464
216,460
205,444
247,437
267,434
285,429
314,426
287,436
269,439
248,441
# } 
# Left iris [x,y,r] { 
331
225
16
# } 
# Right iris [x,y,r] { 
166
225
16
# } 
# Face bounding Box [top(x), left(y), width, height] { 
31
124
412
412
# }