# File name { 
7747698_post_repose.PNG
# } 
# 68 facial Landmarks [x,y] { 
40,320
43,379
52,431
70,482
88,525
116,560
153,590
198,606
249,612
301,600
345,579
385,552
418,517
444,476
452,420
452,365
449,305
73,258
93,227
124,208
162,202
197,208
282,197
316,186
354,188
386,205
408,238
239,258
240,283
242,308
244,335
210,394
227,391
245,389
262,391
279,394
115,276
135,258
164,256
191,273
164,280
135,284
288,270
316,246
347,246
369,266
349,276
319,275
166,488
206,452
229,436
246,442
263,436
288,454
312,479
283,487
266,486
247,484
226,489
204,488
188,482
227,460
245,460
263,460
299,476
261,461
244,462
226,462
# } 
# Left iris [x,y,r] { 
337
257
16
# } 
# Right iris [x,y,r] { 
154
268
16
# } 
# Face bounding Box [top(x), left(y), width, height] { 
31
169
412
412
# }