# File name { 
7750328_pre_smile.PNG
# } 
# 68 facial Landmarks [x,y] { 
43,217
44,285
57,347
70,405
90,458
121,508
168,548
225,575
285,582
343,565
392,532
432,488
460,438
476,382
484,326
491,265
487,202
74,158
98,125
138,114
182,124
220,142
330,132
365,112
405,101
443,113
465,147
280,194
284,234
287,274
291,315
238,349
264,355
291,358
314,351
332,341
120,204
147,186
182,186
216,209
180,217
145,218
331,206
365,181
399,180
422,198
400,211
368,211
195,433
239,417
277,406
299,411
319,402
343,409
365,416
344,437
320,450
295,456
267,457
230,450
217,432
267,429
293,429
317,423
350,419
316,426
293,430
269,429
# } 
# Left iris [x,y,r] { 
378
192
21
# } 
# Right iris [x,y,r] { 
169
204
21
# } 
# Face bounding Box [top(x), left(y), width, height] { 
39
39
491
491
# }