# File name { 
7750328_pre_repose.PNG
# } 
# 68 facial Landmarks [x,y] { 
9,225
8,291
23,350
37,406
53,461
83,512
126,554
183,586
248,598
309,585
364,554
407,507
436,453
454,397
463,338
472,284
471,215
42,158
65,121
104,105
150,112
187,131
311,117
348,95
388,87
423,104
443,141
255,194
258,238
261,281
265,326
210,357
235,365
262,371
283,367
301,361
93,204
117,186
154,186
192,209
153,217
116,216
303,206
341,176
379,175
399,197
381,213
344,215
161,439
197,427
228,421
245,430
266,425
292,438
318,447
293,460
267,468
240,472
213,469
186,458
181,440
218,443
239,449
263,448
300,449
260,444
237,445
216,442
# } 
# Left iris [x,y,r] { 
358
191
21
# } 
# Right iris [x,y,r] { 
133
205
21
# } 
# Face bounding Box [top(x), left(y), width, height] { 
-71
39
545
490
# }