# File name { 
7750328_post_repose.PNG
# } 
# 68 facial Landmarks [x,y] { 
75,206
76,262
80,313
91,366
117,404
146,442
185,472
232,495
283,500
331,489
374,465
407,429
430,387
442,341
447,296
454,247
456,192
110,160
131,137
164,127
200,130
231,140
319,130
348,116
381,111
410,121
428,147
277,184
280,216
283,249
286,282
248,314
266,317
286,319
303,315
318,310
149,194
168,177
199,175
229,194
198,202
168,205
317,192
345,171
375,171
392,186
376,197
347,197
210,382
243,369
271,361
286,367
303,361
326,369
346,380
329,392
309,401
286,406
261,404
235,396
229,381
264,378
285,380
304,378
331,380
304,379
284,383
262,381
# } 
# Left iris [x,y,r] { 
358
178
16
# } 
# Right iris [x,y,r] { 
182
184
16
# } 
# Face bounding Box [top(x), left(y), width, height] { 
76
79
412
409
# }