# File name { 
7750328_post_smile.PNG
# } 
# 68 facial Landmarks [x,y] { 
62,170
56,222
57,274
71,328
101,368
136,406
181,435
229,456
281,461
328,448
370,421
402,381
426,342
440,300
445,252
448,204
443,157
105,113
125,92
156,82
192,85
222,97
315,92
342,79
374,76
402,86
418,111
271,139
274,169
278,199
282,229
236,258
258,261
281,263
302,257
318,248
143,148
163,136
190,134
216,147
188,150
164,153
314,145
340,128
365,128
382,141
366,146
341,146
192,321
235,310
273,302
292,304
308,298
336,300
361,304
346,332
322,350
295,356
265,354
227,342
212,322
261,320
289,318
313,311
349,308
317,334
292,338
262,335
# } 
# Left iris [x,y,r] { 
350
132
14
# } 
# Right iris [x,y,r] { 
175
141
16
# } 
# Face bounding Box [top(x), left(y), width, height] { 
76
31
407
407
# }