# File name { 
7777191_pre_repose.PNG
# } 
# 68 facial Landmarks [x,y] { 
37,271
44,331
59,383
75,441
89,486
106,533
148,560
203,579
263,587
319,577
373,557
420,524
447,479
462,429
469,373
481,318
483,258
63,215
91,187
129,176
170,175
204,187
303,162
342,147
382,146
419,157
446,182
254,230
255,262
256,293
258,326
220,373
241,373
262,373
284,370
303,368
95,249
128,236
160,235
185,252
160,261
123,269
312,239
348,216
381,215
405,243
383,248
349,248
178,460
208,442
246,430
264,434
284,429
319,441
348,458
329,475
291,481
259,479
230,476
203,468
194,451
237,450
265,450
290,448
331,457
289,461
264,463
236,461
# } 
# Left iris [x,y,r] { 
365
233
21
# } 
# Right iris [x,y,r] { 
140
246
25
# } 
# Face bounding Box [top(x), left(y), width, height] { 
-71
95
549
495
# }