# File name { 
7777191_pre_smile.PNG
# } 
# 68 facial Landmarks [x,y] { 
33,213
42,279
56,336
66,391
84,442
106,492
150,530
205,558
274,559
335,537
382,510
419,471
447,424
461,373
469,314
479,255
482,189
67,163
93,140
130,133
173,138
211,151
306,115
344,94
386,86
424,96
448,125
258,187
260,224
262,259
265,296
223,341
246,341
268,341
292,336
312,332
97,203
133,193
165,191
191,212
162,219
126,223
317,207
349,172
382,169
410,198
382,209
348,209
183,419
226,405
267,393
287,396
304,389
333,393
361,395
338,420
314,438
286,446
257,444
223,434
206,420
257,415
281,414
301,409
347,400
303,409
282,415
259,414
# } 
# Left iris [x,y,r] { 
365
194
21
# } 
# Right iris [x,y,r] { 
143
205
21
# } 
# Face bounding Box [top(x), left(y), width, height] { 
39
39
492
492
# }