# File name { 
7777191_post_repose.PNG
# } 
# 68 facial Landmarks [x,y] { 
93,321
103,374
110,422
128,462
147,498
168,536
199,564
241,583
288,591
333,583
376,563
410,533
433,496
446,454
450,406
458,359
461,307
129,289
150,268
180,258
215,258
244,268
318,255
347,241
380,236
413,246
433,267
283,294
284,322
286,349
287,377
254,413
271,414
289,415
307,413
322,411
162,311
182,300
208,298
234,306
208,316
182,320
327,303
355,283
382,282
399,295
383,305
358,306
207,470
241,464
275,460
289,465
305,461
334,467
358,478
338,491
313,499
287,502
260,500
231,490
223,473
265,477
284,481
305,481
343,478
304,479
284,481
265,479
# } 
# Left iris [x,y,r] { 
369
292
14
# } 
# Right iris [x,y,r] { 
196
315
14
# } 
# Face bounding Box [top(x), left(y), width, height] { 
77
170
412
412
# }