# File name { 
7778681_pre_repose.PNG
# } 
# 68 facial Landmarks [x,y] { 
33,259
33,325
41,379
57,429
75,483
102,519
142,553
193,568
247,575
301,572
347,552
383,516
405,469
417,418
429,367
445,312
447,254
77,201
100,178
133,168
168,169
200,179
292,176
324,163
359,161
391,171
414,196
246,229
246,260
246,290
246,322
216,374
230,371
246,370
262,371
277,372
123,243
145,229
173,226
203,237
173,244
145,248
290,237
321,219
351,219
371,235
351,244
322,244
181,459
201,444
219,434
232,441
248,435
274,447
305,458
279,460
257,462
237,464
219,462
201,460
197,455
219,449
234,452
253,453
290,457
253,453
235,455
218,454
# } 
# Left iris [x,y,r] { 
341
227
16
# } 
# Right iris [x,y,r] { 
157
233
16
# } 
# Face bounding Box [top(x), left(y), width, height] { 
31
124
411
411
# }