# File name { 
7785231_pre_repose.png
# } 
# 68 facial Landmarks [x,y] { 
150,553
162,680
184,805
212,928
252,1049
320,1158
409,1247
513,1313
637,1327
766,1300
881,1236
987,1155
1064,1055
1104,937
1124,811
1136,688
1123,572
199,496
256,424
348,403
444,414
537,437
671,428
772,403
874,398
974,426
1038,500
602,514
602,592
602,669
604,751
516,833
559,843
608,852
659,840
707,830
311,537
364,499
430,499
484,545
429,559
362,562
741,549
795,508
860,512
915,549
864,568
799,566
466,1056
526,1003
584,968
627,980
674,967
733,997
800,1035
737,1072
680,1088
631,1095
586,1094
528,1086
498,1049
584,1012
627,1016
675,1008
768,1032
675,1020
628,1027
584,1024
# } 
# Left iris [x,y,r] { 
832
523
42
# } 
# Right iris [x,y,r] { 
407
515
42
# } 
# Face bounding Box [top(x), left(y), width, height] { 
80
201
1040
1033
# }