# File name { 
7785464_pre_repose.PNG
# } 
# 68 facial Landmarks [x,y] { 
48,186
40,258
45,325
59,389
81,453
113,513
164,554
219,589
286,597
350,586
401,549
439,496
465,435
481,372
485,307
486,248
483,187
101,162
127,148
160,142
195,146
233,154
317,146
351,134
388,127
415,133
442,154
276,193
278,233
279,274
281,316
240,350
260,353
281,354
302,348
318,340
134,196
159,185
192,185
222,200
189,208
158,210
326,199
358,184
389,183
412,191
391,203
360,203
204,439
236,420
251,414
271,419
297,411
323,421
360,441
348,453
328,465
299,467
268,465
234,458
223,436
264,432
290,431
316,426
337,443
311,441
282,442
256,439
# } 
# Left iris [x,y,r] { 
372
189
21
# } 
# Right iris [x,y,r] { 
172
199
21
# } 
# Face bounding Box [top(x), left(y), width, height] { 
40
40
497
497
# }