# File name { 
7785464_pre_smile.PNG
# } 
# 68 facial Landmarks [x,y] { 
23,171
19,238
25,308
37,375
59,419
101,467
150,511
196,545
260,559
323,544
378,515
417,469
445,418
453,368
465,308
467,246
466,206
94,139
122,122
159,117
195,122
228,132
320,130
352,116
389,108
424,115
449,135
272,170
271,214
271,256
269,301
215,314
238,326
262,336
288,334
310,327
136,171
156,161
185,161
216,176
183,177
156,177
326,178
356,154
390,152
409,166
391,180
359,181
179,376
200,375
223,378
240,386
254,384
294,407
327,426
304,417
274,423
245,421
220,415
197,399
191,379
225,391
246,400
273,403
316,416
272,402
247,399
225,393
# } 
# Left iris [x,y,r] { 
370
168
16
# } 
# Right iris [x,y,r] { 
169
173
22
# } 
# Face bounding Box [top(x), left(y), width, height] { 
39
39
495
495
# }