# File name { 
7785231_post_smile.png
# } 
# 68 facial Landmarks [x,y] { 
119,503
129,641
146,780
177,914
238,1043
309,1152
415,1243
538,1320
672,1339
800,1306
908,1227
1009,1135
1084,1030
1123,909
1139,780
1149,652
1155,522
200,448
264,381
360,361
458,374
552,406
711,395
814,371
913,371
1006,405
1064,476
637,482
640,572
644,662
650,757
524,817
587,832
652,843
714,820
772,798
324,496
385,471
448,475
504,512
446,518
380,516
773,513
832,481
890,486
945,513
891,521
833,519
419,991
514,963
608,942
670,948
739,925
825,926
904,935
821,1011
754,1061
686,1096
598,1084
516,1053
453,998
609,989
671,986
741,968
872,945
751,1001
679,1018
617,1019
# } 
# Left iris [x,y,r] { 
859
501
45
# } 
# Right iris [x,y,r] { 
414
494
47
# } 
# Face bounding Box [top(x), left(y), width, height] { 
80
201
1040
1033
# }