# File name { 
7785231_post_repose.png
# } 
# 68 facial Landmarks [x,y] { 
115,514
128,649
153,778
178,903
220,1026
289,1137
383,1228
491,1301
619,1327
753,1309
875,1249
982,1167
1058,1062
1100,940
1123,810
1141,677
1152,539
198,451
263,391
354,377
448,390
539,415
701,394
801,368
901,360
996,393
1054,470
617,496
614,585
610,672
605,764
502,824
552,843
606,857
660,847
712,836
315,503
373,474
437,477
491,520
434,529
368,528
756,529
814,486
879,491
935,528
882,549
817,546
422,1032
500,988
560,967
606,985
658,974
724,1001
807,1035
727,1073
669,1087
609,1092
563,1089
498,1077
458,1030
559,1012
606,1021
658,1018
777,1033
658,1030
606,1032
560,1023
# } 
# Left iris [x,y,r] { 
850
510
41
# } 
# Right iris [x,y,r] { 
411
491
41
# } 
# Face bounding Box [top(x), left(y), width, height] { 
82
207
1070
1062
# }