# File name { 
7808286_post_smile.png
# } 
# 68 facial Landmarks [x,y] { 
144,329
147,372
152,415
157,457
169,496
193,529
226,554
263,577
305,588
349,582
390,562
424,538
451,506
466,467
474,424
481,382
487,338
188,280
210,264
238,260
267,265
291,278
351,280
377,268
406,266
434,273
453,293
320,311
318,336
317,361
315,387
278,409
296,415
315,420
333,416
351,412
224,315
243,309
261,310
279,321
260,322
242,321
359,323
377,314
395,314
414,321
396,325
377,325
237,466
267,462
295,459
314,464
333,461
362,466
391,473
362,499
333,506
313,507
292,504
265,492
248,471
294,473
314,476
333,475
380,476
332,488
314,488
294,484
# } 
# Left iris [x,y,r] { 
392
316
14
# } 
# Right iris [x,y,r] { 
254
310
14
# } 
# Face bounding Box [top(x), left(y), width, height] { 
150
232
366
367
# }