# File name { 
7808286_post_repose.png
# } 
# 68 facial Landmarks [x,y] { 
141,316
144,359
148,401
153,444
165,483
187,516
222,537
260,555
304,564
347,558
387,540
422,520
446,490
459,452
463,410
468,367
474,326
179,260
200,244
228,237
257,241
280,256
341,253
367,239
397,237
425,247
443,268
309,290
308,314
307,337
305,361
270,392
288,397
305,400
323,397
340,393
216,299
234,291
252,292
269,302
252,304
233,304
351,303
369,294
388,295
405,302
388,307
369,307
236,460
264,452
289,447
305,452
323,448
347,455
372,468
346,477
322,478
304,478
286,477
262,472
246,461
288,464
305,466
323,464
361,467
322,462
304,463
288,461
# } 
# Left iris [x,y,r] { 
368
295
14
# } 
# Right iris [x,y,r] { 
245
292
14
# } 
# Face bounding Box [top(x), left(y), width, height] { 
109
193
373
373
# }