# File name { 
7808286_pre_repose.png
# } 
# 68 facial Landmarks [x,y] { 
79,278
86,344
97,408
111,468
134,526
170,574
221,607
277,629
337,636
395,623
447,597
492,561
519,510
532,449
539,388
549,325
552,261
129,210
157,180
199,171
241,179
279,198
352,196
391,176
435,170
477,182
502,213
318,245
318,278
318,311
319,346
276,395
299,400
323,402
345,397
367,391
180,258
205,244
234,244
262,264
233,269
204,269
374,262
401,242
429,242
454,257
430,266
402,266
248,503
281,480
310,466
332,470
353,462
384,470
416,489
388,502
361,509
338,513
312,508
287,508
262,499
311,488
333,488
355,484
403,487
357,486
336,489
315,489
# } 
# Left iris [x,y,r] { 
414
251
16
# } 
# Right iris [x,y,r] { 
222
253
16
# } 
# Face bounding Box [top(x), left(y), width, height] { 
87
142
470
470
# }