# File name { 
7808286_pre_smile.png
# } 
# 68 facial Landmarks [x,y] { 
56,246
59,311
71,375
86,435
113,489
155,534
205,568
261,596
321,604
377,588
426,553
471,513
502,465
517,406
520,343
523,280
522,217
99,183
124,156
163,146
203,153
240,169
327,168
362,150
403,143
442,152
470,177
287,217
290,252
293,287
297,323
251,360
276,364
302,367
327,358
350,350
149,228
176,217
200,208
232,234
204,238
175,237
345,231
369,215
395,213
421,220
398,229
372,231
210,454
250,433
288,421
314,423
342,414
383,415
419,424
392,466
355,486
325,492
297,493
256,484
226,454
289,442
316,441
344,434
406,427
350,458
321,463
295,463
# } 
# Left iris [x,y,r] { 
384
217
16
# } 
# Right iris [x,y,r] { 
191
226
16
# } 
# Face bounding Box [top(x), left(y), width, height] { 
36
91
471
468
# }