# File name { 
7810512_post_repose.PNG
# } 
# 68 facial Landmarks [x,y] { 
77,253
70,316
76,374
85,431
96,489
119,535
163,574
216,594
276,607
336,598
399,575
439,533
468,481
487,429
497,371
503,309
499,250
101,208
125,184
161,177
198,181
231,193
313,187
347,175
384,172
421,180
450,202
271,238
271,278
270,317
270,357
232,389
250,393
269,396
294,394
315,389
140,244
164,229
195,230
225,251
193,254
163,254
321,251
353,225
386,223
408,238
387,252
357,254
193,467
215,446
244,435
260,442
281,436
316,447
343,469
320,485
292,495
264,498
237,496
210,485
210,463
243,460
267,463
289,462
324,468
287,463
264,464
242,462
# } 
# Left iris [x,y,r] { 
370
240
21
# } 
# Right iris [x,y,r] { 
180
242
21
# } 
# Face bounding Box [top(x), left(y), width, height] { 
76
124
411
411
# }