# File name { 
7828559_pre_repose.PNG
# } 
# 68 facial Landmarks [x,y] { 
26,199
26,263
31,328
39,394
57,453
93,506
140,549
197,572
264,582
325,566
382,537
431,498
463,445
479,388
488,326
492,267
489,206
72,158
97,125
139,109
184,110
228,123
305,119
348,108
392,110
430,127
452,160
264,178
264,217
265,255
265,294
216,322
239,329
263,332
286,328
304,321
124,188
148,175
181,175
211,190
179,196
150,196
311,189
344,171
377,174
401,192
377,200
346,198
192,432
213,403
251,386
273,388
296,383
322,396
349,416
326,431
299,437
261,439
234,439
210,438
212,421
243,412
265,406
289,404
332,418
299,410
260,421
228,420
# } 
# Left iris [x,y,r] { 
360
181
19
# } 
# Right iris [x,y,r] { 
163
187
19
# } 
# Face bounding Box [top(x), left(y), width, height] { 
-72
40
554
498
# }