# File name { 
7828559_post_smile.PNG
# } 
# 68 facial Landmarks [x,y] { 
24,249
13,326
16,400
26,469
49,529
90,583
148,625
218,647
287,655
351,631
402,592
452,559
495,519
518,454
520,380
521,312
508,241
64,203
86,159
128,137
177,136
224,150
301,148
347,136
397,136
441,155
466,197
266,210
267,248
269,286
272,325
231,375
253,375
276,374
300,367
319,357
119,229
144,212
179,209
210,226
178,234
145,239
318,222
351,205
383,206
408,224
383,231
351,229
194,475
235,444
277,427
301,427
321,418
351,429
370,450
361,481
342,506
307,510
269,506
227,495
215,471
263,450
295,444
323,437
356,452
334,479
302,481
266,476
# } 
# Left iris [x,y,r] { 
367
214
20
# } 
# Right iris [x,y,r] { 
159
218
20
# } 
# Face bounding Box [top(x), left(y), width, height] { 
39
95
494
494
# }