# File name { 
7828121_pre_smile.png
# } 
# 68 facial Landmarks [x,y] { 
33,285
39,355
57,424
76,488
101,554
141,612
193,660
256,695
334,695
404,678
454,631
496,578
522,519
536,456
543,391
546,328
541,264
65,241
98,201
154,199
209,213
262,230
322,231
375,210
427,196
481,197
513,229
299,270
305,321
313,372
321,424
256,450
288,458
322,465
352,450
378,436
124,285
154,265
194,266
226,290
194,297
153,299
367,285
398,262
435,260
461,275
438,288
403,289
218,564
264,529
312,508
347,511
376,488
403,510
436,509
410,550
372,579
333,590
298,593
249,582
237,563
295,549
327,548
363,539
420,516
366,534
329,545
297,546
# } 
# Left iris [x,y,r] { 
418
269
24
# } 
# Right iris [x,y,r] { 
188
270
23
# } 
# Face bounding Box [top(x), left(y), width, height] { 
-82
109
631
568
# }