# File name { 
7828121_post_repose.png
# } 
# 68 facial Landmarks [x,y] { 
53,223
54,287
60,351
79,413
101,479
133,528
180,574
239,605
308,609
376,600
430,567
477,523
511,468
532,405
538,339
539,272
534,207
81,196
105,153
158,142
210,154
263,171
311,167
361,142
412,127
466,133
495,173
288,208
290,248
291,290
293,333
243,365
269,373
296,378
323,369
348,359
140,227
165,210
200,208
231,227
199,238
164,239
352,219
382,195
417,193
444,210
420,224
386,225
203,446
239,435
273,427
300,431
329,423
364,428
398,438
369,466
334,477
304,481
274,481
239,473
218,446
273,443
301,446
331,439
385,440
331,446
302,451
273,450
# } 
# Left iris [x,y,r] { 
401
206
20
# } 
# Right iris [x,y,r] { 
186
219
20
# } 
# Face bounding Box [top(x), left(y), width, height] { 
36
90
470
467
# }