# File name { 
7828121_pre_repose.png
# } 
# 68 facial Landmarks [x,y] { 
9,290
13,360
29,430
46,498
69,562
108,620
160,667
222,695
295,694
359,681
408,642
448,591
474,533
487,471
500,412
508,351
505,288
51,238
88,203
145,203
197,217
251,233
304,237
355,219
403,205
455,206
484,240
282,278
286,323
290,368
296,415
236,450
264,455
293,460
318,452
341,444
107,288
138,268
179,269
207,294
175,302
135,303
339,295
370,270
407,270
432,287
411,301
374,301
193,559
226,534
267,517
294,524
323,514
357,525
382,541
360,569
329,586
296,592
268,593
227,581
210,560
267,553
294,552
325,548
367,544
326,542
296,548
269,548
# } 
# Left iris [x,y,r] { 
388
282
20
# } 
# Right iris [x,y,r] { 
167
280
20
# } 
# Face bounding Box [top(x), left(y), width, height] { 
-81
109
626
563
# }