# File name { 
7828559_post_repose.PNG
# } 
# 68 facial Landmarks [x,y] { 
20,262
14,337
21,403
27,473
47,535
84,587
141,623
206,650
275,659
340,645
395,610
447,577
489,523
510,461
517,394
520,330
511,254
64,222
87,175
131,154
182,153
228,168
294,159
341,143
393,140
437,162
461,205
261,221
262,259
262,297
264,337
230,392
248,390
266,389
287,388
305,388
117,241
141,223
176,219
211,237
175,245
143,250
314,232
347,210
381,212
406,233
382,243
348,240
192,496
220,463
252,448
272,454
293,446
321,461
345,482
325,495
300,500
275,502
247,503
218,503
211,491
242,476
269,474
293,473
326,481
294,475
271,477
243,478
# } 
# Left iris [x,y,r] { 
365
225
20
# } 
# Right iris [x,y,r] { 
158
233
20
# } 
# Face bounding Box [top(x), left(y), width, height] { 
39
95
494
494
# }