# File name { 
7836683_pre_smile.PNG
# } 
# 68 facial Landmarks [x,y] { 
45,221
50,287
63,348
78,403
99,456
140,497
180,536
223,568
282,580
338,568
384,535
422,495
455,450
477,398
488,339
496,278
497,213
67,184
93,153
137,144
183,154
224,170
310,166
354,148
400,136
444,148
470,177
273,227
274,268
275,309
275,351
222,382
248,386
275,390
301,387
323,383
119,234
143,219
178,218
214,242
176,249
142,251
328,241
361,220
396,219
421,231
399,249
364,249
183,448
215,437
251,429
274,437
297,431
331,442
362,456
340,485
305,499
275,501
246,497
211,480
199,451
250,459
274,463
300,462
345,457
302,461
275,462
252,458
# } 
# Left iris [x,y,r] { 
373
231
20
# } 
# Right iris [x,y,r] { 
172
241
21
# } 
# Face bounding Box [top(x), left(y), width, height] { 
40
97
502
502
# }