# File name { 
7836543_pre_smile.PNG
# } 
# 68 facial Landmarks [x,y] { 
32,292
32,354
38,417
57,476
83,524
114,572
161,605
216,628
284,643
350,623
392,587
418,548
441,498
454,451
465,395
470,339
468,280
71,214
97,184
137,172
180,178
217,191
303,192
341,180
381,179
416,191
439,217
263,246
267,279
271,312
275,347
226,399
252,397
279,393
301,385
319,378
110,259
138,246
167,247
200,262
167,265
138,268
314,260
349,243
376,242
399,256
377,260
349,261
194,495
239,459
278,437
301,436
317,427
345,437
360,461
354,493
336,517
308,525
274,524
233,514
219,489
268,471
297,462
322,454
346,462
326,488
295,497
266,493
# } 
# Left iris [x,y,r] { 
365
249
23
# } 
# Right iris [x,y,r] { 
139
256
21
# } 
# Face bounding Box [top(x), left(y), width, height] { 
32
125
413
414
# }