# File name { 
7836543_pre_repose.PNG
# } 
# 68 facial Landmarks [x,y] { 
52,268
51,328
59,385
75,440
97,485
122,528
167,558
215,585
274,597
338,586
384,553
415,512
438,472
452,426
463,376
473,325
469,266
94,185
119,158
157,148
199,152
234,165
317,166
353,156
391,156
425,167
445,193
279,216
282,248
285,277
288,309
244,364
266,361
288,358
307,356
323,353
128,231
152,216
182,217
214,236
181,240
150,242
328,236
361,213
391,213
413,232
393,242
362,240
204,461
243,428
285,409
304,412
319,403
341,415
353,436
339,459
317,475
295,482
269,483
235,476
225,455
272,438
297,435
316,431
339,436
315,442
295,448
271,450
# } 
# Left iris [x,y,r] { 
375
226
21
# } 
# Right iris [x,y,r] { 
160
234
21
# } 
# Face bounding Box [top(x), left(y), width, height] { 
76
124
411
411
# }