# File name { 
7836683_pre_repose.PNG
# } 
# 68 facial Landmarks [x,y] { 
11,219
17,286
33,347
46,402
72,446
105,489
146,523
192,552
252,562
307,547
355,516
392,479
425,436
445,386
455,333
465,276
469,211
31,161
58,128
104,119
150,128
192,144
282,139
325,121
372,112
415,122
441,151
240,209
241,247
242,284
243,322
193,358
218,362
243,366
269,362
292,358
87,210
106,189
144,192
182,222
143,230
105,229
296,222
333,192
370,191
393,208
374,229
336,231
162,441
189,419
223,407
244,413
267,408
302,419
329,434
308,461
274,477
244,481
216,479
184,467
179,441
223,439
247,443
272,439
315,435
272,435
247,438
226,437
# } 
# Left iris [x,y,r] { 
342
207
20
# } 
# Right iris [x,y,r] { 
139
214
21
# } 
# Face bounding Box [top(x), left(y), width, height] { 
-70
94
542
488
# }