# File name { 
7836683_post_smile.PNG
# } 
# 68 facial Landmarks [x,y] { 
129,185
127,223
129,260
135,295
147,332
168,358
197,374
233,390
274,398
312,393
350,377
378,356
399,328
415,303
423,270
429,234
428,198
153,138
172,117
200,111
229,116
252,129
318,126
342,118
369,117
392,128
408,152
282,176
281,194
280,211
279,228
249,253
263,255
278,257
294,258
308,258
190,178
205,169
226,170
247,184
226,186
204,185
314,189
336,175
356,177
372,188
357,194
335,193
209,303
234,286
260,277
275,281
291,280
317,290
337,304
317,313
294,319
274,322
252,322
228,316
218,302
255,297
273,301
292,301
326,303
291,300
271,302
253,302
# } 
# Left iris [x,y,r] { 
345
184
14
# } 
# Right iris [x,y,r] { 
216
174
14
# } 
# Face bounding Box [top(x), left(y), width, height] { 
144
115
283
284
# }