# File name { 
7836543_post_repose.PNG
# } 
# 68 facial Landmarks [x,y] { 
110,312
110,352
119,391
134,427
147,462
171,493
207,513
245,525
286,526
323,514
354,495
377,467
391,434
397,399
400,361
402,322
399,281
139,268
155,251
179,243
207,241
233,244
292,234
315,225
339,222
363,227
379,244
267,270
271,292
274,313
277,336
249,370
265,370
280,367
292,365
303,361
164,289
185,283
205,279
226,279
206,289
185,294
298,274
320,261
343,260
361,270
345,279
323,278
226,436
250,414
277,399
291,401
301,395
319,403
332,415
325,433
310,445
293,449
275,449
251,445
238,433
270,419
287,417
303,414
325,416
306,424
289,428
271,428
# } 
# Left iris [x,y,r] { 
333
265
14
# } 
# Right iris [x,y,r] { 
194
286
14
# } 
# Face bounding Box [top(x), left(y), width, height] { 
100
177
341
341
# }