# File name { 
7841222_pre_repose.png
# } 
# 68 facial Landmarks [x,y] { 
35,290
34,365
41,429
56,488
80,544
105,587
152,626
211,645
277,656
343,654
404,635
452,602
490,562
514,509
528,450
539,392
547,332
73,203
105,169
151,154
202,154
247,172
324,177
371,164
423,166
469,183
498,220
285,238
286,265
287,292
289,322
237,385
260,390
283,394
307,392
330,389
123,255
150,235
184,235
216,259
184,265
150,266
349,265
382,245
415,248
442,268
415,277
381,274
189,496
224,466
242,445
256,455
275,450
313,468
367,507
323,501
293,496
273,504
248,499
220,503
204,491
258,479
278,482
300,483
351,501
297,483
275,482
254,479
# } 
# Left iris [x,y,r] { 
401
260
21
# } 
# Right iris [x,y,r] { 
163
252
21
# } 
# Face bounding Box [top(x), left(y), width, height] { 
36
143
473
473
# }