# File name { 
7842995_pre_repose.PNG
# } 
# 68 facial Landmarks [x,y] { 
64,311
61,359
65,410
75,456
95,502
124,538
160,566
204,583
259,590
318,580
371,562
406,533
432,495
449,453
458,404
456,352
448,298
99,248
118,217
152,207
189,211
219,226
297,227
328,212
362,205
393,215
411,239
257,267
256,288
255,310
255,334
222,385
239,381
256,379
275,382
293,387
137,282
160,272
186,272
214,282
186,286
160,288
304,279
331,269
357,269
377,291
357,295
331,292
189,477
209,447
230,435
244,439
261,435
288,451
322,476
292,471
271,469
253,466
230,470
213,473
204,466
230,454
249,456
267,456
306,466
265,455
247,455
229,457
# } 
# Left iris [x,y,r] { 
345
278
16
# } 
# Right iris [x,y,r] { 
175
280
21
# } 
# Face bounding Box [top(x), left(y), width, height] { 
31
124
411
411
# }