# File name { 
7842995_pre_smile.PNG
# } 
# 68 facial Landmarks [x,y] { 
74,328
71,383
75,434
81,484
100,525
127,559
167,585
212,606
261,620
315,617
367,600
413,575
442,537
456,496
470,444
475,385
472,331
120,285
140,259
173,248
209,251
237,265
317,266
346,254
380,248
412,257
434,282
274,303
272,330
269,356
265,384
228,417
244,421
263,425
284,430
303,434
159,313
181,305
203,304
232,312
204,311
183,312
324,323
348,304
372,306
401,322
384,331
350,330
175,477
200,469
221,467
232,475
251,475
285,496
330,517
292,518
257,507
232,509
210,507
190,491
187,479
217,481
239,489
263,495
311,511
258,499
233,500
212,496
# } 
# Left iris [x,y,r] { 
364
316
21
# } 
# Right iris [x,y,r] { 
195
308
20
# } 
# Face bounding Box [top(x), left(y), width, height] { 
76
214
411
411
# }