# File name { 
7849417_pre_repose.png
# } 
# 68 facial Landmarks [x,y] { 
83,579
93,719
108,849
126,983
164,1110
239,1207
357,1268
483,1318
619,1347
761,1338
892,1295
1006,1236
1075,1141
1113,1017
1140,890
1173,759
1191,620
195,429
269,365
371,357
468,390
554,439
757,431
846,380
949,359
1053,382
1117,459
654,517
650,590
647,661
643,735
549,821
593,839
639,854
687,846
734,834
317,539
380,502
451,503
515,559
445,565
373,563
809,570
880,517
951,514
1010,558
952,582
879,578
448,1022
526,980
589,955
635,968
678,960
742,994
822,1046
737,1052
671,1048
626,1046
579,1041
520,1037
481,1016
588,1002
634,1007
678,1008
788,1036
672,994
629,993
583,988
# } 
# Left iris [x,y,r] { 
914
538
44
# } 
# Right iris [x,y,r] { 
416
524
44
# } 
# Face bounding Box [top(x), left(y), width, height] { 
95
229
1189
1189
# }