# File name { 
7849417_pre_smile.png
# } 
# 68 facial Landmarks [x,y] { 
79,523
92,669
105,804
115,940
148,1069
220,1172
331,1245
447,1313
582,1347
729,1333
863,1280
982,1214
1061,1116
1099,991
1126,857
1166,721
1170,573
196,402
271,342
368,332
464,356
548,400
751,396
845,348
949,327
1053,352
1120,432
646,479
638,560
628,641
618,724
512,786
562,809
614,830
670,821
722,810
314,500
376,465
446,466
507,517
440,516
371,515
806,530
878,480
951,477
1011,522
951,540
877,537
389,967
463,927
540,914
595,932
650,928
729,960
822,1015
722,1036
644,1056
578,1061
519,1061
451,1045
417,969
539,946
593,958
648,962
784,1010
642,1026
586,1025
529,1016
# } 
# Left iris [x,y,r] { 
910
504
44
# } 
# Right iris [x,y,r] { 
411
490
50
# } 
# Face bounding Box [top(x), left(y), width, height] { 
95
230
1189
1189
# }