# File name { 
7849417_post_repose.png
# } 
# 68 facial Landmarks [x,y] { 
161,607
164,726
173,844
187,966
219,1084
290,1182
401,1249
528,1299
668,1323
808,1320
931,1282
1031,1213
1087,1112
1118,999
1144,883
1168,764
1182,643
289,485
360,437
447,427
532,453
610,494
797,496
878,461
964,447
1048,464
1110,519
709,574
707,650
706,724
703,802
607,876
648,897
694,915
740,907
781,896
389,594
445,558
513,560
572,611
506,619
440,616
842,624
906,579
972,580
1025,620
973,639
907,637
485,1019
568,1000
633,987
678,1000
722,994
788,1023
869,1073
782,1084
715,1083
670,1078
623,1070
561,1054
513,1025
631,1027
677,1034
721,1038
841,1069
717,1037
673,1034
628,1027
# } 
# Left iris [x,y,r] { 
937
602
41
# } 
# Right iris [x,y,r] { 
479
579
41
# } 
# Face bounding Box [top(x), left(y), width, height] { 
186
302
997
996
# }