# File name { 
7853223_post_smile.PNG
# } 
# 68 facial Landmarks [x,y] { 
46,288
42,350
48,410
61,463
82,514
111,566
149,613
203,641
259,656
312,639
360,608
398,566
428,519
444,471
445,423
450,376
453,328
97,249
123,224
159,214
198,221
230,238
321,253
352,239
385,235
417,245
437,272
275,296
275,336
274,374
274,413
226,432
249,440
272,445
294,437
312,428
145,297
165,285
194,289
218,307
191,311
163,309
320,312
347,291
374,290
394,306
376,317
349,317
168,493
208,478
250,472
272,476
295,470
332,474
362,484
337,522
303,545
268,552
232,548
193,528
186,494
242,489
273,489
304,484
349,488
305,517
271,523
238,518
# } 
# Left iris [x,y,r] { 
363
301
16
# } 
# Right iris [x,y,r] { 
178
296
16
# } 
# Face bounding Box [top(x), left(y), width, height] { 
39
149
487
485
# }