# File name { 
7853223_post_repose.PNG
# } 
# 68 facial Landmarks [x,y] { 
45,252
43,314
53,372
64,422
83,473
113,524
152,560
197,597
255,611
312,600
358,564
402,527
428,480
444,427
453,378
463,316
461,263
81,221
106,191
144,183
181,194
212,212
299,217
333,203
369,197
406,208
429,234
255,264
254,303
253,342
252,382
213,404
232,412
253,416
276,411
295,404
128,265
149,251
178,253
207,272
176,278
148,277
304,274
335,254
365,254
385,268
366,281
336,281
181,472
204,459
231,451
248,459
268,453
299,462
328,473
303,493
275,506
249,509
223,507
198,494
196,473
230,476
252,478
274,477
312,475
272,475
250,478
229,477
# } 
# Left iris [x,y,r] { 
350
265
16
# } 
# Right iris [x,y,r] { 
165
262
16
# } 
# Face bounding Box [top(x), left(y), width, height] { 
31
169
412
412
# }