# File name { 
7853223_pre_smile.PNG
# } 
# 68 facial Landmarks [x,y] { 
1,273
9,344
20,412
32,477
53,540
87,598
133,647
193,681
259,690
328,662
383,626
429,580
462,524
485,466
494,404
503,339
505,270
36,205
64,174
108,161
152,170
190,193
305,197
345,181
387,178
430,189
464,215
249,257
249,306
249,354
250,402
195,425
222,433
251,439
282,429
305,417
94,261
118,244
152,246
184,267
151,270
117,270
310,268
349,241
382,242
406,262
383,270
350,271
153,517
191,492
235,480
259,483
285,475
334,476
370,484
353,533
311,560
270,566
229,565
182,551
172,514
230,501
264,498
299,490
359,490
318,531
269,535
232,532
# } 
# Left iris [x,y,r] { 
365
261
21
# } 
# Right iris [x,y,r] { 
135
259
21
# } 
# Face bounding Box [top(x), left(y), width, height] { 
-71
150
547
490
# }