# File name { 
7859692_post_smile.png
# } 
# 68 facial Landmarks [x,y] { 
53,167
67,230
83,291
96,351
117,405
152,449
194,488
247,520
326,515
369,490
416,462
454,425
479,379
492,325
496,266
503,208
508,147
87,115
120,95
160,96
197,105
234,118
316,116
353,101
391,94
431,93
465,111
278,154
280,192
282,230
285,269
244,299
266,304
289,308
310,300
329,291
137,161
162,146
193,147
220,169
191,174
160,174
335,168
359,144
389,142
415,156
393,168
363,170
206,383
241,369
277,349
303,347
327,342
356,350
393,350
365,378
334,394
309,401
285,403
247,399
220,383
276,379
300,377
324,370
378,355
329,372
305,378
281,380
# } 
# Left iris [x,y,r] { 
385
150
16
# } 
# Right iris [x,y,r] { 
169
154
16
# } 
# Face bounding Box [top(x), left(y), width, height] { 
36
36
466
466
# }