# File name { 
7859692_post_repose.png
# } 
# 68 facial Landmarks [x,y] { 
44,203
64,261
84,327
89,386
105,444
133,493
178,530
226,566
290,573
344,547
396,520
440,484
470,436
486,378
494,316
503,256
509,192
78,162
112,143
153,144
191,154
229,168
321,166
357,151
394,143
433,141
465,159
276,206
276,244
278,283
279,322
240,351
260,357
281,360
302,355
321,346
132,209
158,192
190,193
217,219
188,224
155,223
333,217
357,190
388,188
415,204
393,218
362,220
204,444
234,426
263,415
285,418
306,411
334,415
362,426
337,443
311,455
288,460
266,460
236,457
218,444
264,436
285,435
308,431
347,428
309,428
286,432
265,433
# } 
# Left iris [x,y,r] { 
375
201
20
# } 
# Right iris [x,y,r] { 
175
203
21
# } 
# Face bounding Box [top(x), left(y), width, height] { 
36
90
468
465
# }