# File name { 
7864758_post_repose.png
# } 
# 68 facial Landmarks [x,y] { 
239,601
259,713
290,818
331,920
377,1010
441,1085
535,1128
636,1151
744,1144
849,1109
945,1053
1029,987
1080,898
1109,800
1122,697
1120,590
1106,481
295,459
331,388
402,351
479,351
549,378
705,356
768,309
840,286
915,299
970,350
637,451
644,516
650,581
657,650
592,744
632,751
676,753
717,735
753,713
390,522
430,479
485,472
542,509
490,529
434,537
757,475
801,423
857,416
904,447
865,474
810,479
536,940
599,894
654,858
692,858
726,842
780,850
848,872
795,901
749,923
713,935
672,943
615,952
562,935
659,898
698,891
733,878
823,876
738,883
703,895
666,902
# } 
# Left iris [x,y,r] { 
837
444
30
# } 
# Right iris [x,y,r] { 
468
499
30
# } 
# Face bounding Box [top(x), left(y), width, height] { 
253
260
862
862
# }