# File name { 
7866439_pre_repose.PNG
# } 
# 68 facial Landmarks [x,y] { 
39,235
40,298
53,352
68,405
88,455
116,498
154,535
194,568
250,584
316,565
360,536
396,498
420,451
437,400
447,346
451,286
443,224
68,186
92,156
130,150
167,160
199,174
276,164
308,149
343,147
379,157
407,177
236,227
236,263
236,298
236,334
194,368
215,372
237,375
264,375
288,373
117,228
135,216
164,217
190,240
163,240
135,239
285,250
312,219
339,218
357,233
340,248
310,248
177,438
195,420
222,414
240,421
261,419
299,430
328,449
310,471
280,479
252,478
225,473
198,459
195,439
225,439
246,443
269,443
309,449
272,448
248,446
227,442
# } 
# Left iris [x,y,r] { 
322
231
14
# } 
# Right iris [x,y,r] { 
155
231
16
# } 
# Face bounding Box [top(x), left(y), width, height] { 
31
125
413
412
# }