# File name { 
7874717_pre_repose.png
# } 
# 68 facial Landmarks [x,y] { 
70,260
77,317
89,371
101,422
117,470
144,510
181,541
225,564
272,574
321,567
365,544
404,513
433,477
451,431
465,381
477,330
487,277
116,215
145,189
185,182
224,188
261,202
329,206
363,194
399,190
434,196
458,221
297,250
297,280
297,309
297,339
257,372
274,377
291,381
308,380
324,377
165,257
188,242
215,244
240,265
214,268
186,267
338,268
362,246
390,247
414,263
392,273
364,273
206,447
237,429
267,420
283,427
300,425
321,441
341,466
317,480
294,482
276,481
258,477
231,467
219,446
265,445
281,448
298,450
329,464
295,454
278,452
261,449
# } 
# Left iris [x,y,r] { 
366
256
17
# } 
# Right iris [x,y,r] { 
200
253
16
# } 
# Face bounding Box [top(x), left(y), width, height] { 
73
161
393
394
# }