# File name { 
7874717_post_smile.png
# } 
# 68 facial Landmarks [x,y] { 
140,228
138,267
144,303
153,348
162,383
179,415
207,443
236,467
271,480
309,477
354,464
385,438
412,401
432,365
444,324
452,284
460,241
172,201
191,180
219,176
247,181
272,193
327,194
353,185
381,180
408,185
426,206
297,228
296,251
294,273
292,296
257,314
272,319
287,324
304,323
320,321
204,228
221,219
241,221
257,236
238,237
219,235
334,242
351,227
372,226
389,237
373,245
352,246
215,358
237,347
255,343
266,347
281,348
308,370
328,391
304,397
288,411
270,410
252,405
230,390
223,360
247,354
269,356
285,370
315,386
281,390
257,392
243,381
# } 
# Left iris [x,y,r] { 
359
231
14
# } 
# Right iris [x,y,r] { 
230
225
14
# } 
# Face bounding Box [top(x), left(y), width, height] { 
132
132
321
324
# }