# File name { 
7874717_post_repose.png
# } 
# 68 facial Landmarks [x,y] { 
151,266
151,310
157,349
170,393
185,429
203,459
234,484
267,505
303,513
340,508
376,488
408,462
432,432
448,394
456,355
464,315
470,275
185,230
206,209
236,204
266,209
294,222
347,227
373,217
401,212
427,215
445,234
321,260
322,283
322,305
322,329
290,354
304,358
318,362
332,360
346,357
222,267
-1,-1
259,261
278,272
258,275
238,274
354,275
371,262
392,262
409,271
392,279
372,279
251,411
276,401
300,395
313,400
325,398
344,408
362,424
340,439
320,442
307,441
292,438
272,429
262,412
298,410
312,413
324,415
352,424
321,420
309,419
295,416
# } 
# Left iris [x,y,r] { 
378
264
14
# } 
# Right iris [x,y,r] { 
246
262
14
# } 
# Face bounding Box [top(x), left(y), width, height] { 
162
165
320
317
# }