# File name { 
7874717_pre_smile.png
# } 
# 68 facial Landmarks [x,y] { 
70,267
73,329
80,389
90,447
108,502
139,549
181,588
226,624
277,639
331,629
381,597
427,559
466,518
491,468
509,412
524,354
538,291
116,227
148,200
190,192
232,199
271,216
353,220
392,207
433,202
472,209
500,237
309,266
307,302
304,338
301,374
253,396
273,405
294,415
318,411
340,405
168,269
195,256
225,258
251,280
221,283
191,281
361,286
387,264
419,264
446,280
420,291
388,292
182,454
213,433
233,425
253,435
278,442
305,474
355,514
333,522
305,530
275,541
246,535
209,509
195,460
244,466
258,475
285,481
329,501
305,513
278,514
252,508
# } 
# Left iris [x,y,r] { 
393
275
19
# } 
# Right iris [x,y,r] { 
202
258
16
# } 
# Face bounding Box [top(x), left(y), width, height] { 
87
142
470
470
# }