# File name { 
7888400_post_repose.PNG
# } 
# 68 facial Landmarks [x,y] { 
35,249
30,319
38,383
51,441
75,502
113,548
160,585
212,613
273,624
332,614
388,583
433,549
470,501
492,443
508,384
513,320
506,252
71,197
93,165
130,149
173,149
212,164
314,173
354,164
398,166
436,181
464,210
266,225
266,268
265,310
265,353
224,383
245,389
266,392
289,388
309,381
117,233
138,210
175,213
210,240
173,246
137,247
325,242
360,222
395,224
417,241
395,253
361,250
191,476
219,453
249,441
267,447
287,440
319,452
346,469
328,495
299,510
269,516
238,512
210,500
211,473
243,462
269,461
294,460
330,469
296,479
269,483
242,481
# } 
# Left iris [x,y,r] { 
381
234
21
# } 
# Right iris [x,y,r] { 
154
230
21
# } 
# Face bounding Box [top(x), left(y), width, height] { 
39
95
496
496
# }