# File name { 
7894716_pre_smile.png
# } 
# 68 facial Landmarks [x,y] { 
22,273
23,335
33,398
45,465
67,529
102,583
158,631
219,673
290,686
363,675
426,640
485,595
522,531
541,472
552,402
556,343
567,278
69,206
105,171
158,158
214,163
262,182
320,182
378,161
436,154
492,169
527,207
295,227
296,271
298,315
299,361
242,394
269,404
294,415
321,409
344,403
130,234
157,220
190,222
218,238
189,241
157,241
369,240
399,221
433,222
460,238
435,244
403,245
166,470
210,457
253,456
281,467
314,463
357,474
398,494
355,527
310,538
276,538
245,531
204,509
181,473
252,474
280,481
313,482
384,495
310,511
277,512
247,504
# } 
# Left iris [x,y,r] { 
415
228
20
# } 
# Right iris [x,y,r] { 
174
231
21
# } 
# Face bounding Box [top(x), left(y), width, height] { 
-82
45
631
568
# }