# File name { 
7894716_pre_repose.png
# } 
# 68 facial Landmarks [x,y] { 
10,325
17,392
28,455
43,520
57,580
97,630
150,672
212,702
285,710
358,701
420,668
473,623
506,571
521,505
534,442
549,379
553,314
47,249
77,204
133,186
190,190
244,210
307,208
359,185
414,179
470,191
501,233
281,257
284,299
287,341
290,384
238,430
262,439
286,445
309,439
330,432
115,276
141,255
179,254
210,276
179,283
142,286
348,275
380,252
416,252
441,272
418,283
383,282
192,535
223,513
258,502
279,510
304,505
334,520
363,542
332,560
302,566
276,567
252,564
221,554
207,534
257,530
279,533
304,533
348,542
302,530
277,531
255,528
# } 
# Left iris [x,y,r] { 
399
260
20
# } 
# Right iris [x,y,r] { 
157
261
20
# } 
# Face bounding Box [top(x), left(y), width, height] { 
-82
109
631
568
# }