# File name { 
7894716_post_repose.png
# } 
# 68 facial Landmarks [x,y] { 
21,275
25,355
37,434
54,510
82,584
126,647
185,697
250,735
322,742
390,731
448,688
503,634
539,566
559,490
571,412
578,332
576,253
71,267
105,231
157,221
208,229
259,241
338,234
389,217
439,204
493,209
525,247
306,285
310,335
315,383
320,434
265,469
291,475
317,482
340,475
363,467
136,298
165,280
200,280
230,302
199,307
163,308
373,298
403,276
438,274
465,290
441,303
406,303
221,559
254,548
288,541
315,549
341,540
372,548
405,559
376,584
347,596
317,599
288,597
254,584
236,560
287,560
315,564
342,560
392,559
344,559
316,563
289,559
# } 
# Left iris [x,y,r] { 
419
281
20
# } 
# Right iris [x,y,r] { 
178
287
20
# } 
# Face bounding Box [top(x), left(y), width, height] { 
45
172
564
561
# }