# File name { 
7894716_post_smile.png
# } 
# 68 facial Landmarks [x,y] { 
28,331
35,410
46,485
62,560
89,630
136,690
194,741
257,783
330,792
401,781
462,733
516,675
556,608
576,531
587,453
592,373
588,294
79,331
106,289
156,275
209,279
260,294
347,288
399,267
451,256
504,265
536,303
313,333
319,386
323,440
328,496
268,519
296,527
325,538
351,526
377,516
145,352
172,334
206,332
237,351
206,357
172,359
385,345
413,325
447,322
476,335
451,347
418,349
206,582
250,587
291,589
320,595
349,589
385,589
426,587
394,625
352,640
320,644
288,639
248,619
222,589
290,601
321,606
351,602
411,593
350,607
320,610
289,605
# } 
# Left iris [x,y,r] { 
427
331
20
# } 
# Right iris [x,y,r] { 
187
341
20
# } 
# Face bounding Box [top(x), left(y), width, height] { 
45
173
566
562
# }