# File name { 
7901929_pre_smile.png
# } 
# 68 facial Landmarks [x,y] { 
46,287
43,353
53,419
69,483
87,547
125,596
180,633
235,663
299,679
368,672
432,645
491,608
536,558
557,494
567,427
577,350
586,274
77,213
110,181
161,174
212,185
258,204
363,199
411,175
463,160
519,165
557,200
312,259
312,305
311,350
310,396
254,423
280,434
308,444
338,440
367,434
130,267
164,246
204,246
240,279
202,285
161,285
391,278
428,241
470,237
504,260
475,281
431,283
189,497
222,486
245,479
263,493
302,496
343,510
398,541
354,547
320,551
290,555
261,547
224,535
207,501
273,516
300,525
327,527
379,537
322,534
295,531
268,523
# } 
# Left iris [x,y,r] { 
448
255
24
# } 
# Right iris [x,y,r] { 
183
262
24
# } 
# Face bounding Box [top(x), left(y), width, height] { 
45
109
566
565
# }