# File name { 
7901929_post_repose.png
# } 
# 68 facial Landmarks [x,y] { 
109,280
107,327
113,375
124,428
140,477
163,518
206,546
254,568
306,578
359,572
407,552
451,522
476,477
500,429
511,376
521,323
525,267
139,217
170,196
208,195
244,205
277,221
347,222
382,206
420,196
459,199
488,222
316,260
318,293
319,324
320,357
277,386
297,392
317,397
337,394
356,388
177,267
202,252
231,254
258,275
230,280
200,281
368,276
396,255
425,254
449,269
427,282
397,282
237,462
265,441
282,432
303,436
329,430
359,445
389,464
352,469
329,484
309,484
289,483
263,476
251,460
292,455
312,458
331,457
375,463
330,455
310,456
291,453
# } 
# Left iris [x,y,r] { 
410
265
16
# } 
# Right iris [x,y,r] { 
213
264
16
# } 
# Face bounding Box [top(x), left(y), width, height] { 
84
137
455
454
# }