# File name { 
7901929_post_smile.png
# } 
# 68 facial Landmarks [x,y] { 
91,278
93,329
104,379
109,425
123,474
153,512
193,543
238,570
288,580
339,574
391,553
437,526
464,480
488,435
504,389
512,337
518,282
129,222
159,198
198,193
237,201
272,218
341,217
377,201
416,192
456,198
482,227
309,256
309,289
308,321
307,355
256,374
278,383
301,391
324,387
347,382
169,265
195,253
222,254
248,273
220,273
193,272
361,278
387,257
415,255
439,270
417,279
388,280
201,427
235,416
269,415
292,422
317,421
352,430
391,440
343,461
311,476
285,476
261,472
230,456
214,430
268,436
291,442
315,442
376,443
312,449
288,450
264,445
# } 
# Left iris [x,y,r] { 
403
264
16
# } 
# Right iris [x,y,r] { 
206
260
16
# } 
# Face bounding Box [top(x), left(y), width, height] { 
87
141
466
467
# }