# File name { 
7903207_pre_smile.png
# } 
# 68 facial Landmarks [x,y] { 
51,283
57,347
66,408
77,468
96,527
128,581
177,621
229,653
289,667
353,656
408,627
474,593
498,539
521,480
537,416
551,351
545,285
103,243
125,215
168,204
213,209
253,225
338,218
380,201
426,194
461,203
492,227
295,266
293,308
291,351
289,393
238,415
262,425
288,433
314,429
338,422
138,273
168,250
204,251
235,283
202,287
166,286
360,280
394,244
431,242
462,266
435,283
397,285
181,486
205,472
237,464
256,477
278,476
311,493
388,529
344,544
304,554
275,556
247,550
210,530
194,488
254,490
279,496
308,495
352,521
305,527
276,528
250,523
# } 
# Left iris [x,y,r] { 
416
260
20
# } 
# Right iris [x,y,r] { 
181
271
21
# } 
# Face bounding Box [top(x), left(y), width, height] { 
36
141
468
469
# }