# File name { 
7903207_post_smile.png
# } 
# 68 facial Landmarks [x,y] { 
62,407
68,471
76,531
87,591
110,646
146,695
199,728
255,753
317,761
379,747
433,718
488,682
527,633
549,575
558,511
559,447
549,380
105,355
128,328
168,316
211,319
251,331
335,324
375,308
418,301
461,308
482,332
297,369
298,409
299,448
300,487
253,516
278,524
302,530
328,523
352,515
145,391
172,370
203,369
238,390
206,395
173,398
363,381
394,357
426,355
454,370
428,380
397,382
202,590
236,572
265,564
297,572
330,569
371,576
411,594
372,629
332,639
302,641
273,638
235,626
213,590
276,584
303,587
331,585
398,595
330,616
301,617
273,615
# } 
# Left iris [x,y,r] { 
415
362
20
# } 
# Right iris [x,y,r] { 
185
379
20
# } 
# Face bounding Box [top(x), left(y), width, height] { 
36
245
470
470
# }