# File name { 
7903207_post_repose.png
# } 
# 68 facial Landmarks [x,y] { 
73,478
81,540
92,596
105,651
125,702
156,746
206,772
258,792
316,796
373,784
424,759
472,730
503,685
519,630
524,572
528,512
529,450
111,429
135,397
171,384
213,388
252,400
323,392
363,379
404,373
437,381
464,407
291,437
293,472
295,506
298,542
259,582
280,588
302,590
324,585
344,578
149,456
175,436
207,434
240,457
209,464
176,468
348,451
379,425
410,424
439,440
414,453
382,454
227,671
258,652
287,640
307,644
328,638
360,648
396,663
362,672
332,677
310,680
288,680
260,679
240,667
288,662
308,663
329,660
382,661
329,652
308,653
288,653
# } 
# Left iris [x,y,r] { 
401
435
20
# } 
# Right iris [x,y,r] { 
188
454
21
# } 
# Face bounding Box [top(x), left(y), width, height] { 
36
296
470
470
# }