# File name { 
7905505_prerevision_repose.PNG
# } 
# 68 facial Landmarks [x,y] { 
116,301
116,343
119,387
119,421
131,455
152,484
182,505
217,521
257,528
297,522
335,510
368,489
391,461
405,427
410,394
411,356
404,313
147,265
163,246
187,237
213,241
235,250
294,255
318,249
343,249
364,259
378,277
264,290
263,311
261,332
260,354
229,379
244,380
259,381
276,381
290,380
176,295
192,287
211,287
233,298
211,301
192,301
295,302
317,294
336,295
351,304
336,309
316,307
202,428
224,417
245,411
257,416
271,411
293,420
309,435
295,441
276,443
257,442
238,441
218,436
216,427
242,426
258,427
274,426
298,432
274,427
258,427
242,425
# } 
# Left iris [x,y,r] { 
328
297
14
# } 
# Right iris [x,y,r] { 
203
292
14
# } 
# Face bounding Box [top(x), left(y), width, height] { 
116
211
283
283
# }