# File name { 
7905505_pre_smile.PNG
# } 
# 68 facial Landmarks [x,y] { 
40,233
35,294
40,350
47,405
68,460
98,507
141,540
191,563
248,570
303,555
349,530
388,496
419,456
439,408
448,357
450,306
448,252
75,186
99,161
136,151
176,159
210,174
292,173
328,162
365,163
397,179
418,208
247,229
246,266
245,301
245,338
200,371
224,373
248,373
273,368
294,361
113,227
136,215
167,219
196,241
164,245
134,243
295,245
327,237
353,239
376,247
352,252
326,249
167,436
212,422
249,412
271,416
288,407
315,408
342,407
319,426
296,439
272,441
246,441
208,440
186,435
241,431
267,427
291,420
329,410
292,420
269,426
243,427
# } 
# Left iris [x,y,r] { 
335
244
22
# } 
# Right iris [x,y,r] { 
152
229
16
# } 
# Face bounding Box [top(x), left(y), width, height] { 
32
125
414
415
# }