# File name { 
7905505_post_repose.PNG
# } 
# 68 facial Landmarks [x,y] { 
127,240
120,283
117,324
122,364
135,400
159,429
193,447
229,461
268,468
308,461
345,448
377,427
400,398
413,363
419,325
417,286
410,246
155,203
171,186
195,179
220,183
241,192
304,193
327,186
350,184
373,192
387,210
272,228
272,252
272,274
271,297
242,322
256,324
271,324
286,323
300,321
180,235
198,225
218,225
240,237
218,241
197,243
303,239
325,229
346,229
361,240
346,247
325,245
214,371
236,357
258,350
272,355
286,350
307,358
323,372
307,376
287,376
269,375
252,374
232,374
228,367
254,364
270,365
287,363
311,368
286,363
270,363
254,363
# } 
# Left iris [x,y,r] { 
336
232
14
# } 
# Right iris [x,y,r] { 
209
232
14
# } 
# Face bounding Box [top(x), left(y), width, height] { 
100
139
340
341
# }