# File name { 
7905505_post_smile.PNG
# } 
# 68 facial Landmarks [x,y] { 
120,248
115,288
113,327
118,364
134,397
159,423
194,443
231,458
272,464
312,455
347,438
378,416
400,390
411,357
415,321
411,284
405,247
148,203
163,185
187,177
213,180
236,189
296,194
319,186
344,184
367,193
382,210
267,227
267,250
268,273
268,297
236,316
252,319
268,321
285,317
300,312
175,232
192,224
210,225
231,235
209,237
192,237
301,235
322,227
339,227
355,234
339,236
322,235
204,359
232,350
259,345
275,348
290,343
315,345
338,350
321,366
298,373
277,372
257,372
229,369
217,358
255,360
274,359
294,356
329,352
296,360
276,360
257,359
# } 
# Left iris [x,y,r] { 
328
231
16
# } 
# Right iris [x,y,r] { 
192
227
16
# } 
# Face bounding Box [top(x), left(y), width, height] { 
117
148
284
285
# }