# File name { 
7905505_prerevision_smile.PNG
# } 
# 68 facial Landmarks [x,y] { 
123,299
120,345
122,389
123,429
136,468
158,494
193,514
232,531
275,538
318,529
359,515
390,491
411,462
422,427
425,390
420,353
415,316
149,273
164,256
189,248
216,253
239,264
307,268
330,262
355,262
377,271
390,289
272,301
272,325
271,348
270,373
236,389
253,393
271,396
290,393
306,389
181,302
196,298
214,299
236,309
214,308
196,306
306,313
328,306
346,307
361,313
345,315
327,314
210,432
238,425
262,421
277,425
292,421
318,425
338,433
325,444
303,450
281,450
258,447
234,440
227,432
258,437
279,437
299,434
328,434
302,435
281,435
260,432
# } 
# Left iris [x,y,r] { 
333
310
16
# } 
# Right iris [x,y,r] { 
208
303
16
# } 
# Face bounding Box [top(x), left(y), width, height] { 
100
217
342
342
# }