# File name { 
7912176_post_smile.png
# } 
# 68 facial Landmarks [x,y] { 
83,282
95,350
112,413
129,475
151,534
190,586
243,626
306,655
370,668
432,654
486,621
528,578
556,522
570,460
579,396
589,330
596,261
134,193
162,158
203,139
249,138
290,154
387,156
428,139
474,137
515,150
547,178
344,231
346,276
348,320
350,365
309,401
330,409
352,415
373,409
392,401
189,257
217,233
253,231
287,256
255,265
218,268
403,253
435,226
471,226
502,245
475,258
438,258
266,505
294,472
332,458
355,464
380,460
419,475
457,501
421,542
382,558
356,562
329,559
293,543
280,504
333,487
356,490
380,488
440,502
379,523
354,527
330,525
# } 
# Left iris [x,y,r] { 
455
239
20
# } 
# Right iris [x,y,r] { 
232
244
23
# } 
# Face bounding Box [top(x), left(y), width, height] { 
44
107
556
556
# }