# File name { 
7915896_post_smile.PNG
# } 
# 68 facial Landmarks [x,y] { 
16,318
23,382
32,441
44,497
65,547
99,594
148,629
205,653
274,657
340,641
399,609
444,568
479,522
499,469
504,411
500,352
494,287
42,266
62,221
107,201
157,198
204,209
272,199
316,186
367,183
414,199
442,236
238,250
239,287
241,324
242,364
203,406
225,407
248,406
274,401
297,397
92,278
118,265
152,259
189,268
154,279
122,286
298,258
336,251
366,254
396,263
365,266
337,263
173,498
205,473
239,456
265,458
287,450
325,456
359,463
337,486
308,498
276,502
246,504
210,504
192,493
236,479
265,475
295,469
346,467
301,474
271,478
241,480
# } 
# Left iris [x,y,r] { 
347
258
27
# } 
# Right iris [x,y,r] { 
134
264
19
# } 
# Face bounding Box [top(x), left(y), width, height] { 
-70
149
542
486
# }