# File name { 
7919056_post_smile.PNG
# } 
# 68 facial Landmarks [x,y] { 
47,311
47,375
55,434
64,486
81,533
106,574
155,599
208,612
262,616
316,607
364,589
402,558
424,525
443,480
456,433
466,381
467,322
86,240
110,217
145,206
186,210
222,223
305,227
340,216
379,216
411,230
432,253
263,261
263,286
264,310
266,337
216,396
241,393
265,389
288,389
309,388
123,265
144,246
176,248
205,277
173,279
142,279
313,280
343,258
371,260
389,275
371,283
344,282
153,488
206,472
250,462
275,465
299,456
337,460
369,469
347,492
313,502
281,505
247,505
198,503
176,486
244,481
275,477
304,471
357,469
308,485
279,488
246,490
# } 
# Left iris [x,y,r] { 
357
268
16
# } 
# Right iris [x,y,r] { 
167
255
16
# } 
# Face bounding Box [top(x), left(y), width, height] { 
31
169
412
412
# }