# File name { 
7919056_post_repose.PNG
# } 
# 68 facial Landmarks [x,y] { 
66,295
63,358
70,418
76,470
93,519
114,563
157,593
208,611
263,619
320,613
373,598
413,565
439,523
456,475
469,424
480,368
481,308
110,236
131,216
165,205
203,208
237,221
318,221
353,210
391,210
422,224
442,247
276,257
276,283
275,309
275,337
233,397
253,392
273,390
293,394
312,399
143,261
162,242
193,244
221,271
190,273
161,274
326,274
356,251
386,252
403,270
386,278
357,277
180,495
216,473
254,460
272,466
289,460
323,474
345,503
325,514
295,520
269,521
241,519
208,510
198,492
246,483
269,485
291,486
330,495
291,494
268,494
244,494
# } 
# Left iris [x,y,r] { 
373
261
19
# } 
# Right iris [x,y,r] { 
183
252
16
# } 
# Face bounding Box [top(x), left(y), width, height] { 
77
170
412
412
# }