# File name { 
7919056_pre_smile.PNG
# } 
# 68 facial Landmarks [x,y] { 
25,264
28,336
35,399
44,455
60,510
81,560
129,594
188,613
251,619
314,608
371,585
414,549
437,504
453,452
469,400
482,341
483,278
72,173
98,150
135,141
178,150
211,169
305,171
333,160
367,154
406,170
428,182
258,208
259,238
261,269
264,301
213,364
237,363
262,363
287,364
308,364
109,209
130,191
165,194
194,221
163,223
129,221
309,229
342,205
376,209
393,229
374,237
343,236
157,481
203,454
250,440
273,446
295,439
327,451
350,462
328,482
296,493
266,498
234,498
194,493
178,479
237,465
267,465
294,464
336,464
293,468
266,470
235,474
# } 
# Left iris [x,y,r] { 
361
220
21
# } 
# Right iris [x,y,r] { 
148
205
21
# } 
# Face bounding Box [top(x), left(y), width, height] { 
-71
95
547
492
# }