# File name { 
7919056_pre_repose.PNG
# } 
# 68 facial Landmarks [x,y] { 
31,315
42,385
50,451
64,506
81,550
103,589
148,616
199,635
260,641
321,637
384,619
422,581
439,537
453,496
471,441
483,387
488,319
73,218
92,189
127,171
172,172
207,190
308,192
344,178
383,174
417,191
437,204
259,234
259,263
261,292
263,324
220,393
242,390
263,388
285,390
304,393
113,240
128,213
165,218
199,254
162,256
127,255
315,257
348,224
384,228
398,255
383,266
351,263
167,517
205,480
248,460
268,467
288,462
319,479
338,511
326,524
300,533
269,536
234,534
197,530
183,509
235,490
263,490
288,491
323,500
287,504
261,504
232,506
# } 
# Left iris [x,y,r] { 
364
240
16
# } 
# Right iris [x,y,r] { 
150
234
21
# } 
# Face bounding Box [top(x), left(y), width, height] { 
-82
114
655
592
# }