# File name { 
7921879_pre_smile.png
# } 
# 68 facial Landmarks [x,y] { 
71,378
71,436
81,495
86,553
98,611
120,662
165,703
218,737
282,752
351,745
411,718
464,681
503,632
526,574
540,511
551,449
558,385
108,294
132,257
175,241
221,246
262,267
346,257
390,240
438,235
481,252
506,290
302,314
300,348
297,382
294,417
245,460
268,470
292,478
319,474
343,468
163,338
189,323
218,320
248,336
219,343
189,345
364,332
394,312
425,312
451,331
425,340
394,338
188,554
213,531
234,525
256,539
281,536
315,555
378,595
331,599
298,606
260,607
228,603
202,576
198,557
236,555
250,560
272,562
359,590
290,581
246,583
219,572
# } 
# Left iris [x,y,r] { 
412
319
20
# } 
# Right iris [x,y,r] { 
202
334
21
# } 
# Face bounding Box [top(x), left(y), width, height] { 
87
193
470
470
# }