# File name { 
7921879_post_smile.png
# } 
# 68 facial Landmarks [x,y] { 
119,356
121,406
125,457
128,507
140,558
165,602
202,638
242,667
293,679
346,672
393,649
437,619
470,580
491,533
501,480
510,425
516,371
163,308
185,283
219,274
254,278
283,292
349,291
384,280
419,277
453,289
474,316
318,333
318,363
316,394
315,426
266,448
287,458
309,466
332,463
353,459
201,333
223,321
247,322
269,340
246,342
222,340
362,348
387,333
411,332
433,345
412,352
387,352
213,516
243,500
272,500
295,509
317,507
357,517
387,536
350,558
317,565
289,566
264,560
235,545
224,517
275,513
298,521
324,521
374,535
318,545
292,546
268,541
# } 
# Left iris [x,y,r] { 
401
339
16
# } 
# Right iris [x,y,r] { 
230
324
14
# } 
# Face bounding Box [top(x), left(y), width, height] { 
114
246
388
389
# }