# File name { 
7921879_post_repose.png
# } 
# 68 facial Landmarks [x,y] { 
109,362
114,411
122,460
129,509
144,555
171,596
209,630
251,656
301,666
351,659
397,635
439,606
467,562
484,519
491,467
497,415
501,363
144,304
166,280
199,271
235,272
267,284
326,283
362,271
399,268
434,279
457,307
301,324
301,355
301,385
301,418
261,453
281,459
300,465
320,461
339,457
183,330
204,315
231,316
254,337
229,342
203,341
346,339
370,320
397,319
419,333
399,344
372,344
223,531
251,519
277,513
296,521
317,517
345,527
376,541
344,553
316,555
295,554
274,551
249,543
235,530
277,532
297,536
317,536
363,540
315,534
295,534
275,530
# } 
# Left iris [x,y,r] { 
385
328
16
# } 
# Right iris [x,y,r] { 
222
326
16
# } 
# Face bounding Box [top(x), left(y), width, height] { 
114
247
390
390
# }