# File name { 
7922029_pre_smile.PNG
# } 
# 68 facial Landmarks [x,y] { 
67,257
67,327
68,392
77,454
98,510
131,557
175,587
220,603
283,611
344,595
396,568
434,527
461,504
483,454
489,396
492,334
489,270
101,186
124,142
167,125
213,131
254,151
314,148
357,140
399,149
435,173
455,211
282,208
282,243
282,276
283,312
233,349
253,357
273,356
299,355
321,350
143,212
165,200
197,202
228,223
194,224
164,224
331,224
361,214
389,218
410,232
387,233
360,228
207,455
251,422
289,409
315,410
335,405
358,414
374,429
357,459
341,469
308,468
275,467
237,467
232,443
280,435
309,431
335,427
362,431
341,441
308,443
276,443
# } 
# Left iris [x,y,r] { 
378
225
21
# } 
# Right iris [x,y,r] { 
182
213
21
# } 
# Face bounding Box [top(x), left(y), width, height] { 
39
95
496
496
# }