# File name { 
7922029_post_repose2.PNG
# } 
# 68 facial Landmarks [x,y] { 
43,246
38,312
46,377
53,433
67,491
88,545
127,588
179,632
252,654
326,643
385,608
430,558
460,508
475,450
479,392
485,336
484,276
73,210
96,177
141,173
189,174
230,192
312,181
358,172
399,169
440,187
456,215
272,249
274,283
270,317
269,355
220,407
240,411
267,416
292,406
313,404
112,263
149,232
181,236
210,264
187,272
149,272
325,262
349,229
390,227
405,262
386,269
351,276
153,513
207,483
264,476
284,478
302,471
328,488
366,507
341,519
305,529
264,526
225,528
196,522
173,495
256,489
279,499
302,488
344,497
290,504
254,506
215,505
# } 
# Left iris [x,y,r] { 
367
256
21
# } 
# Right iris [x,y,r] { 
164
253
21
# } 
# Face bounding Box [top(x), left(y), width, height] { 
-73
97
559
503
# }