# File name { 
7922029_post_smile.PNG
# } 
# 68 facial Landmarks [x,y] { 
32,249
27,322
36,387
51,458
73,525
105,579
148,623
203,648
276,673
344,657
398,616
444,572
466,514
481,454
489,382
484,308
480,239
67,211
88,171
133,157
180,161
230,174
299,179
343,169
384,166
425,180
448,216
268,234
270,277
270,320
272,364
203,381
233,391
269,400
302,396
325,387
121,239
145,222
178,225
215,250
175,254
144,253
317,245
348,227
377,225
399,240
377,247
349,248
164,443
221,446
262,446
284,448
311,439
342,437
375,444
345,448
335,460
306,469
260,471
226,464
197,449
260,453
291,456
322,447
362,446
314,452
280,457
251,454
# } 
# Left iris [x,y,r] { 
364
231
16
# } 
# Right iris [x,y,r] { 
161
236
19
# } 
# Face bounding Box [top(x), left(y), width, height] { 
39
95
492
492
# }