# File name { 
7922029_pre_repose.PNG
# } 
# 68 facial Landmarks [x,y] { 
27,269
25,331
26,390
34,445
54,495
89,537
132,569
184,590
244,593
302,583
348,557
386,526
419,486
436,437
441,384
438,330
435,273
59,211
81,170
121,152
166,152
206,167
267,161
309,153
352,161
385,186
402,221
235,224
235,252
234,279
235,308
189,352
207,354
232,353
252,352
274,357
103,236
125,225
154,224
185,240
153,243
126,244
278,242
309,232
336,236
356,247
333,251
308,246
163,456
201,422
232,409
255,413
274,407
299,421
321,450
309,459
286,464
259,463
230,460
200,455
187,442
225,434
252,433
276,432
302,440
280,436
256,434
230,430
# } 
# Left iris [x,y,r] { 
325
238
16
# } 
# Right iris [x,y,r] { 
135
234
21
# } 
# Face bounding Box [top(x), left(y), width, height] { 
31
124
411
411
# }