# File name { 
7943807_pre_smile.png
# } 
# 68 facial Landmarks [x,y] { 
102,339
105,394
112,448
119,500
135,551
162,596
201,634
245,664
299,673
356,665
408,639
454,604
489,561
507,510
515,456
524,400
530,342
133,293
159,265
198,254
239,257
277,270
333,269
374,257
417,254
459,265
487,292
305,316
303,351
302,386
300,422
262,451
281,457
302,462
323,458
344,452
179,324
202,305
232,305
260,330
231,335
201,335
356,330
383,305
414,304
440,323
416,336
384,336
212,520
242,509
276,504
298,510
321,504
355,512
391,524
354,552
320,563
296,566
272,563
240,551
224,521
276,520
298,523
321,521
376,526
319,539
296,542
273,540
# } 
# Left iris [x,y,r] { 
401
322
21
# } 
# Right iris [x,y,r] { 
215
317
16
# } 
# Face bounding Box [top(x), left(y), width, height] { 
116
205
396
396
# }