# File name { 
7943807_post_smile.png
# } 
# 68 facial Landmarks [x,y] { 
127,304
125,345
126,387
130,427
140,466
157,502
180,537
207,566
240,580
282,581
325,564
363,538
393,506
414,469
425,428
436,385
444,340
145,277
165,257
195,254
224,260
251,273
292,276
326,271
360,271
392,282
415,306
268,313
263,343
257,374
251,404
222,417
236,425
250,433
270,432
288,430
171,306
191,292
214,295
233,319
211,320
187,317
311,328
333,307
358,308
378,326
360,334
335,333
192,455
208,451
229,451
243,460
261,460
291,472
321,486
285,508
254,513
236,510
219,502
203,483
202,459
227,468
242,474
260,477
308,486
257,487
240,485
224,478
# } 
# Left iris [x,y,r] { 
346
317
14
# } 
# Right iris [x,y,r] { 
205
303
16
# } 
# Face bounding Box [top(x), left(y), width, height] { 
70
196
378
378
# }