# File name { 
7947333_pre_smile.png
# } 
# 68 facial Landmarks [x,y] { 
32,274
31,346
47,408
72,486
88,547
125,611
184,641
244,666
309,672
367,658
419,627
464,583
496,529
522,468
538,404
544,341
545,275
77,178
106,143
153,129
202,136
247,157
357,159
398,137
444,129
489,139
515,174
299,222
299,259
300,295
301,332
256,392
279,394
302,396
324,392
346,387
131,238
160,222
193,223
223,245
192,249
158,249
368,245
400,221
433,221
458,238
434,249
401,250
216,506
265,468
307,455
331,460
354,453
380,465
418,474
391,512
358,531
322,526
298,528
261,524
235,504
292,478
314,477
340,474
405,482
354,508
312,504
280,501
# } 
# Left iris [x,y,r] { 
414
237
27
# } 
# Right iris [x,y,r] { 
180
231
21
# } 
# Face bounding Box [top(x), left(y), width, height] { 
36
91
471
468
# }