# File name { 
7947333_post_smile.png
# } 
# 68 facial Landmarks [x,y] { 
38,408
35,478
37,547
55,615
75,681
105,739
156,785
212,820
273,839
332,836
389,810
438,769
471,716
495,656
514,595
530,533
537,471
112,348
149,323
196,317
241,330
281,352
380,370
421,360
464,360
501,376
521,409
325,413
322,452
319,492
316,533
260,572
282,578
306,587
328,585
350,582
160,401
189,390
219,395
244,422
213,420
183,414
384,440
416,422
446,424
470,444
444,449
413,445
184,639
231,640
278,638
311,645
340,638
365,644
405,659
362,699
331,703
297,696
266,688
226,673
200,646
283,662
315,662
341,658
390,668
334,680
305,680
269,668
# } 
# Left iris [x,y,r] { 
430
437
21
# } 
# Right iris [x,y,r] { 
208
406
21
# } 
# Face bounding Box [top(x), left(y), width, height] { 
88
298
473
473
# }