# File name { 
7989297_post_repose.PNG
# } 
# 68 facial Landmarks [x,y] { 
109,232
104,285
106,332
110,374
126,415
148,452
180,482
219,503
267,509
313,502
351,477
384,446
406,409
419,367
424,323
423,274
417,223
132,205
151,177
182,170
212,173
240,183
289,183
318,174
351,167
381,177
398,203
266,217
266,244
266,272
265,300
237,328
250,330
264,332
279,332
292,331
169,221
185,214
207,214
230,222
205,227
185,228
305,220
328,208
349,208
367,218
351,225
329,224
203,393
225,384
245,380
260,385
279,381
301,387
325,394
304,400
281,401
263,402
245,403
221,401
214,392
246,392
264,393
282,392
312,394
281,390
263,391
245,391
# } 
# Left iris [x,y,r] { 
340
212
14
# } 
# Right iris [x,y,r] { 
193
216
14
# } 
# Face bounding Box [top(x), left(y), width, height] { 
100
139
340
341
# }