# File name { 
7994145_pre_smile.png
# } 
# 68 facial Landmarks [x,y] { 
178,501
182,619
191,739
202,862
232,986
292,1102
380,1208
485,1297
613,1330
745,1309
864,1238
962,1139
1037,1026
1084,913
1104,772
1123,645
1136,523
285,413
331,338
415,297
511,289
596,323
747,336
835,308
928,308
1009,347
1047,426
679,439
678,521
676,605
672,692
558,749
609,767
661,789
716,779
764,768
386,459
434,415
496,418
548,468
492,475
432,473
790,477
845,428
909,425
957,471
912,488
849,488
404,900
484,855
564,853
614,861
662,867
753,894
833,949
745,1002
671,1034
570,1070
481,1064
438,1013
429,907
530,896
586,907
654,916
784,952
646,984
544,1009
471,988
# } 
# Left iris [x,y,r] { 
877
447
41
# } 
# Right iris [x,y,r] { 
467
445
31
# } 
# Face bounding Box [top(x), left(y), width, height] { 
184
190
984
978
# }