# File name { 
7994145_post_repose.png
# } 
# 68 facial Landmarks [x,y] { 
141,379
145,449
151,516
162,583
187,642
224,690
280,723
339,746
403,759
466,753
526,732
583,698
624,649
652,587
668,521
675,451
670,381
211,298
243,265
287,250
336,254
379,270
445,268
488,250
535,246
578,261
606,295
413,316
415,348
417,380
418,414
368,470
392,475
415,479
437,476
459,471
263,332
290,309
323,308
352,334
323,340
289,342
469,334
498,305
532,307
559,331
533,341
499,340
325,586
359,555
392,537
411,543
430,538
460,557
490,592
457,604
429,606
409,608
388,606
357,601
342,581
391,568
411,569
430,569
472,586
428,575
409,576
390,574
# } 
# Left iris [x,y,r] { 
515
326
21
# } 
# Right iris [x,y,r] { 
307
328
21
# } 
# Face bounding Box [top(x), left(y), width, height] { 
152
213
519
518
# }