# File name { 
7994145_pre_repose.png
# } 
# 68 facial Landmarks [x,y] { 
158,518
169,644
190,772
215,900
254,1022
324,1136
415,1236
525,1312
658,1335
788,1312
900,1235
986,1133
1046,1018
1078,896
1100,773
1118,649
1125,528
263,402
317,334
401,305
494,313
577,357
714,382
802,354
895,351
978,384
1028,452
654,471
657,552
661,635
664,720
575,805
616,817
662,826
704,819
743,810
361,480
409,438
475,443
529,496
470,510
403,508
768,506
820,458
885,458
934,502
888,524
823,521
472,1013
544,968
611,937
660,951
704,937
769,968
835,1016
773,1069
710,1089
661,1092
607,1089
541,1066
503,1013
610,995
659,1001
706,997
804,1013
707,1009
660,1013
611,1008
# } 
# Left iris [x,y,r] { 
856
470
41
# } 
# Right iris [x,y,r] { 
444
466
41
# } 
# Face bounding Box [top(x), left(y), width, height] { 
185
192
994
987
# }