# File name { 
7994145_post_smile.png
# } 
# 68 facial Landmarks [x,y] { 
161,380
160,449
154,526
162,585
181,648
219,713
274,752
313,794
394,811
473,799
538,754
592,711
629,665
661,608
679,541
689,473
687,406
235,308
267,273
312,258
361,263
404,279
479,280
521,266
568,267
608,286
631,323
435,329
434,362
432,395
430,430
374,471
400,478
425,485
451,482
475,478
288,339
315,319
345,319
371,343
344,344
313,344
493,349
525,326
556,328
581,351
555,356
523,354
296,570
330,539
372,527
394,537
426,533
454,548
495,584
458,608
427,618
391,627
345,620
318,606
315,571
356,549
383,553
406,560
467,583
432,599
404,601
376,599
# } 
# Left iris [x,y,r] { 
540
346
21
# } 
# Right iris [x,y,r] { 
343
325
16
# } 
# Face bounding Box [top(x), left(y), width, height] { 
154
215
525
525
# }