# File name { 
7995323_post_repose.png
# } 
# 68 facial Landmarks [x,y] { 
17,279
24,354
39,429
51,502
74,570
116,633
174,680
242,718
319,727
393,711
458,667
513,616
554,555
575,485
584,413
592,342
585,273
61,242
93,203
147,189
201,195
251,215
345,215
395,196
447,187
500,196
534,229
297,258
297,304
297,349
298,397
248,440
276,447
303,451
331,443
357,435
128,269
158,249
197,250
229,274
197,283
157,285
371,268
403,240
440,240
469,258
444,274
406,275
217,556
252,531
285,514
308,520
337,511
372,524
408,538
375,559
342,573
312,578
287,579
254,573
233,553
286,542
309,541
338,537
390,539
338,537
310,542
287,542
# } 
# Left iris [x,y,r] { 
421
250
26
# } 
# Right iris [x,y,r] { 
180
258
26
# } 
# Face bounding Box [top(x), left(y), width, height] { 
-82
109
631
568
# }