# File name { 
7995187_pre_repose.png
# } 
# 68 facial Landmarks [x,y] { 
56,185
57,245
68,303
76,361
92,415
122,463
166,498
215,526
266,535
315,526
362,500
406,467
436,425
453,374
464,321
479,268
486,213
96,156
129,138
167,135
203,143
239,159
326,166
361,158
397,156
431,165
455,185
281,210
281,248
282,285
283,323
245,351
262,357
280,361
296,357
312,350
142,206
168,195
196,198
222,216
194,222
164,221
329,225
354,210
382,213
406,226
382,235
353,233
207,428
239,412
266,403
283,408
301,403
321,410
342,423
320,438
299,449
280,452
261,450
236,443
221,427
264,422
282,423
300,421
330,422
299,421
281,424
264,422
# } 
# Left iris [x,y,r] { 
366
219
16
# } 
# Right iris [x,y,r] { 
178
204
16
# } 
# Face bounding Box [top(x), left(y), width, height] { 
36
91
473
470
# }