# File name { 
7997005_pre_repose.PNG
# } 
# 68 facial Landmarks [x,y] { 
61,250
58,305
62,359
75,414
97,467
130,514
177,551
231,579
294,586
354,572
407,539
449,496
475,444
486,386
489,328
483,275
475,232
100,217
122,195
152,186
187,192
223,203
301,196
334,183
369,169
399,176
426,195
264,231
266,263
269,295
273,329
238,374
258,372
278,370
299,366
317,361
132,247
156,229
187,226
216,244
185,254
156,258
316,235
343,221
372,221
394,233
373,240
344,240
215,449
243,434
270,421
287,425
303,417
330,424
359,433
338,447
317,458
295,461
271,463
244,459
230,447
269,444
289,443
309,439
344,433
310,438
291,442
269,444
# } 
# Left iris [x,y,r] { 
352
227
16
# } 
# Right iris [x,y,r] { 
175
244
21
# } 
# Face bounding Box [top(x), left(y), width, height] { 
77
125
415
415
# }