# File name { 
7997005_post_repose.PNG
# } 
# 68 facial Landmarks [x,y] { 
85,233
80,289
83,338
94,394
109,445
127,485
169,514
217,534
271,539
321,530
364,509
402,478
426,436
438,384
443,333
443,282
439,236
124,200
137,179
172,170
193,178
224,190
296,189
328,183
360,182
389,191
407,213
259,222
261,249
263,276
266,305
227,337
246,340
265,340
285,338
300,335
145,227
164,213
189,214
212,231
187,235
163,236
305,234
328,217
353,220
370,235
353,242
329,240
210,412
237,398
259,389
273,392
288,387
308,396
326,408
309,413
293,418
275,420
256,419
237,414
225,411
256,405
273,405
289,404
313,405
289,403
274,404
256,406
# } 
# Left iris [x,y,r] { 
342
230
14
# } 
# Right iris [x,y,r] { 
183
226
14
# } 
# Face bounding Box [top(x), left(y), width, height] { 
32
125
413
414
# }