# File name { 
7997005_post_smile.PNG
# } 
# 68 facial Landmarks [x,y] { 
83,267
79,319
82,366
93,410
108,456
127,504
160,539
206,562
265,572
327,556
372,526
406,491
427,443
443,405
447,359
449,307
445,275
122,215
145,194
169,192
194,195
216,212
296,189
328,183
360,182
389,191
407,213
262,232
264,260
264,287
267,314
223,349
247,347
267,345
285,343
302,349
150,251
174,232
193,230
211,251
189,257
166,255
311,246
331,225
351,228
375,249
352,250
329,251
187,409
237,398
259,389
273,392
288,387
308,390
347,393
306,417
288,422
269,423
253,423
228,420
208,410
260,398
276,402
290,396
328,398
289,403
274,404
256,406
# } 
# Left iris [x,y,r] { 
342
239
11
# } 
# Right iris [x,y,r] { 
183
244
14
# } 
# Face bounding Box [top(x), left(y), width, height] { 
32
125
413
414
# }