# File name { 
8005065_pre_repose.png
# } 
# 68 facial Landmarks [x,y] { 
40,208
45,273
53,342
64,406
90,473
134,523
182,551
240,580
306,586
370,575
426,544
481,501
521,458
540,390
538,324
544,258
532,200
92,172
125,148
166,142
208,148
248,159
326,160
366,143
409,131
453,134
486,157
288,198
289,246
291,293
293,341
245,367
269,375
296,380
322,372
345,362
143,199
170,180
203,180
230,206
201,212
168,212
350,203
378,174
411,173
438,191
414,205
381,207
210,454
244,442
274,433
298,438
323,431
354,435
388,442
356,455
329,463
302,467
277,467
247,464
225,453
275,447
299,448
325,443
374,443
326,442
300,446
276,445
# } 
# Left iris [x,y,r] { 
395
192
21
# } 
# Right iris [x,y,r] { 
182
201
21
# } 
# Face bounding Box [top(x), left(y), width, height] { 
36
90
466
463
# }