# File name { 
8006610_pre_smile.png
# } 
# 68 facial Landmarks [x,y] { 
53,229
59,291
69,348
76,406
91,460
118,507
158,543
204,573
258,586
316,578
379,559
431,529
467,474
491,418
505,362
515,300
516,247
89,189
118,161
159,150
203,153
242,167
327,165
368,150
411,148
453,160
482,188
284,211
283,247
280,283
278,319
234,349
254,357
274,364
297,361
318,357
141,215
168,203
196,204
223,225
195,225
165,224
349,225
377,204
407,203
432,217
408,227
378,227
172,424
194,397
230,400
240,406
255,408
302,437
342,463
310,465
292,467
257,474
225,473
192,464
183,424
220,418
240,424
270,434
323,456
284,455
256,457
232,453
# } 
# Left iris [x,y,r] { 
394
213
16
# } 
# Right iris [x,y,r] { 
168
203
16
# } 
# Face bounding Box [top(x), left(y), width, height] { 
36
91
475
472
# }