# File name { 
8006610_post_smile.png
# } 
# 68 facial Landmarks [x,y] { 
82,355
84,419
93,480
104,541
121,602
152,655
199,698
251,731
314,748
381,742
443,716
499,678
541,629
570,570
588,506
598,444
605,378
138,302
172,271
220,262
269,269
314,286
403,291
444,278
488,277
529,289
555,316
358,334
358,371
357,409
357,447
301,481
324,490
348,498
372,496
395,493
197,334
226,322
256,324
283,346
254,345
223,343
423,355
452,337
482,338
506,354
481,361
453,359
226,563
264,544
300,537
319,547
335,542
388,564
431,585
380,603
349,610
318,612
286,612
251,600
238,565
275,551
309,562
332,570
402,587
340,592
307,596
276,594
# } 
# Left iris [x,y,r] { 
464
344
16
# } 
# Right iris [x,y,r] { 
235
333
21
# } 
# Face bounding Box [top(x), left(y), width, height] { 
45
173
568
565
# }