# File name { 
8010104_pre_smile.png
# } 
# 68 facial Landmarks [x,y] { 
24,243
30,309
38,374
49,438
69,497
104,548
154,585
214,606
284,607
354,602
416,582
467,549
504,503
526,447
540,384
550,317
557,249
81,176
113,139
159,125
209,127
255,144
328,142
375,124
425,119
471,130
503,165
293,194
293,229
294,263
295,299
241,338
267,344
294,351
321,346
347,339
143,221
170,207
198,203
229,214
200,216
172,220
361,215
392,202
421,205
449,218
421,219
391,217
180,431
218,403
258,386
288,398
316,395
354,410
390,443
350,466
311,476
282,478
253,475
213,464
195,430
229,417
250,419
268,424
374,440
290,444
248,440
222,445
# } 
# Left iris [x,y,r] { 
405
210
24
# } 
# Right iris [x,y,r] { 
186
211
24
# } 
# Face bounding Box [top(x), left(y), width, height] { 
36
91
475
472
# }