# File name { 
8010104_post_repose.png
# } 
# 68 facial Landmarks [x,y] { 
122,329
123,376
126,421
132,465
145,505
169,539
204,565
235,596
299,603
346,589
389,568
422,544
444,511
458,472
466,428
472,384
469,344
166,285
190,265
222,261
255,265
286,277
338,276
368,264
399,260
428,265
448,287
311,310
312,332
312,354
313,377
277,408
294,413
311,416
327,413
343,409
207,323
225,312
246,310
266,322
246,326
225,327
354,324
375,312
396,314
412,327
395,331
374,328
238,477
265,462
290,453
306,457
322,454
342,465
364,482
339,491
318,492
302,493
284,492
262,489
249,476
289,471
305,472
321,473
352,481
319,472
303,472
286,471
# } 
# Left iris [x,y,r] { 
385
318
14
# } 
# Right iris [x,y,r] { 
238
313
14
# } 
# Face bounding Box [top(x), left(y), width, height] { 
114
201
388
388
# }