# File name { 
8017784_pre_repose.PNG
# } 
# 68 facial Landmarks [x,y] { 
36,256
34,319
40,375
42,430
57,484
82,531
125,567
179,589
239,600
297,593
354,573
399,540
427,495
442,444
447,385
457,337
462,273
72,219
100,197
139,189
176,198
209,215
302,210
337,194
375,187
410,199
433,226
253,253
251,287
249,320
247,355
210,388
226,394
243,396
262,398
278,397
121,255
145,241
176,242
204,260
174,266
144,267
300,265
333,245
364,247
386,263
365,275
335,274
174,469
196,449
219,439
232,446
248,442
277,457
305,479
278,480
254,480
232,481
210,481
188,478
186,464
217,458
234,462
253,462
289,473
251,459
232,460
214,460
# } 
# Left iris [x,y,r] { 
348
262
21
# } 
# Right iris [x,y,r] { 
161
254
16
# } 
# Face bounding Box [top(x), left(y), width, height] { 
31
168
409
410
# }