# File name { 
8017784_pre_smile.PNG
# } 
# 68 facial Landmarks [x,y] { 
14,214
15,266
22,327
24,377
34,431
59,480
99,518
149,548
206,567
265,560
322,536
371,500
403,450
418,395
427,338
430,279
431,221
46,194
74,178
109,173
145,179
178,193
269,183
302,167
339,157
376,162
404,183
220,223
217,261
214,300
210,339
172,351
188,363
206,371
227,372
246,370
92,224
116,215
145,216
175,230
143,230
115,229
271,233
304,211
336,210
359,225
338,238
306,239
119,410
144,401
171,400
184,410
203,409
241,424
283,442
246,452
211,458
182,459
154,452
135,434
135,411
165,413
187,421
212,427
258,439
211,438
183,438
159,432
# } 
# Left iris [x,y,r] { 
320
227
21
# } 
# Right iris [x,y,r] { 
131
220
23
# } 
# Face bounding Box [top(x), left(y), width, height] { 
31
124
410
410
# }