# File name { 
8017784_post_smile.PNG
# } 
# 68 facial Landmarks [x,y] { 
43,305
47,370
54,429
63,487
75,547
108,595
162,640
217,666
288,678
356,662
414,624
455,577
482,525
500,470
512,414
511,357
501,299
94,273
126,253
166,242
211,244
249,254
326,247
364,232
405,226
443,237
472,256
290,290
292,326
293,361
295,398
248,434
270,439
294,441
317,438
339,433
140,303
170,291
201,289
236,298
200,307
169,311
337,296
374,284
405,285
434,295
406,304
375,303
175,497
229,491
276,484
299,489
323,482
364,486
401,494
362,509
334,518
305,524
265,523
223,514
196,498
268,499
299,501
327,496
382,495
327,498
295,504
266,503
# } 
# Left iris [x,y,r] { 
385
294
26
# } 
# Right iris [x,y,r] { 
182
300
26
# } 
# Face bounding Box [top(x), left(y), width, height] { 
39
151
495
492
# }