# File name { 
8018914_post_repose.png
# } 
# 68 facial Landmarks [x,y] { 
149,504
153,582
166,656
179,733
200,808
236,878
289,938
358,985
447,995
535,982
608,935
650,881
683,811
714,724
723,646
735,569
729,495
197,430
230,387
285,375
340,382
395,398
484,393
539,380
594,376
647,390
680,429
444,442
444,502
445,563
445,626
387,659
414,674
444,685
475,674
503,660
256,462
285,435
325,434
360,461
325,470
286,472
528,458
561,433
598,435
625,461
598,468
562,465
337,780
375,758
415,747
446,753
475,746
515,755
559,770
518,797
479,810
448,814
415,813
377,804
355,781
414,776
445,778
475,775
540,774
478,775
448,779
417,777
# } 
# Left iris [x,y,r] { 
583
443
20
# } 
# Right iris [x,y,r] { 
295
437
20
# } 
# Face bounding Box [top(x), left(y), width, height] { 
124
275
667
666
# }