# File name { 
8025731_pre_repose.PNG
# } 
# 68 facial Landmarks [x,y] { 
74,180
74,237
89,290
103,343
118,391
142,436
176,473
222,497
277,505
333,499
382,476
421,441
449,396
465,346
474,293
487,239
488,182
98,136
126,113
165,107
203,115
237,130
332,129
368,112
405,103
441,109
464,132
281,178
279,212
277,245
274,278
241,316
257,318
273,319
290,319
307,318
147,184
170,168
203,169
234,189
202,199
168,199
330,191
362,162
397,162
420,180
400,199
365,200
209,395
226,372
250,359
264,367
279,361
308,375
332,398
310,407
287,414
264,418
242,416
223,409
224,392
250,384
265,386
283,385
315,395
282,385
264,388
248,386
# } 
# Left iris [x,y,r] { 
383
183
21
# } 
# Right iris [x,y,r] { 
189
186
21
# } 
# Face bounding Box [top(x), left(y), width, height] { 
77
79
413
411
# }