# File name { 
8025731_pre_smile.PNG
# } 
# 68 facial Landmarks [x,y] { 
37,157
37,209
49,261
61,312
77,361
102,404
135,441
174,468
222,483
273,479
322,459
361,424
390,379
408,330
419,277
435,222
438,168
66,114
92,89
127,80
163,85
195,102
292,117
325,104
359,95
394,100
416,121
242,164
240,200
237,236
233,271
191,288
208,295
226,302
245,303
261,303
113,166
134,150
166,153
198,175
164,181
133,179
288,177
319,149
354,149
376,167
356,185
322,186
144,345
162,332
185,327
196,336
212,335
245,355
277,382
250,392
220,400
193,401
169,391
154,369
156,345
183,344
199,352
220,358
258,376
220,376
196,376
178,367
# } 
# Left iris [x,y,r] { 
336
163
21
# } 
# Right iris [x,y,r] { 
152
170
21
# } 
# Face bounding Box [top(x), left(y), width, height] { 
31
31
413
413
# }