# File name { 
8025731_post_smile.PNG
# } 
# 68 facial Landmarks [x,y] { 
125,246
128,282
138,317
147,350
159,380
176,407
204,427
236,440
272,441
306,432
338,417
363,394
381,367
395,338
402,308
406,271
404,237
140,198
155,180
178,174
204,177
225,188
300,183
322,172
345,169
367,175
382,190
262,222
263,242
263,262
265,282
242,313
255,312
267,310
279,308
289,306
172,231
187,217
210,217
230,233
208,239
186,239
294,231
316,212
337,213
352,226
339,234
317,234
211,364
237,347
263,336
278,338
290,333
309,337
326,344
313,361
295,375
276,382
255,384
230,381
222,364
257,353
274,351
291,347
315,346
291,357
273,361
255,364
# } 
# Left iris [x,y,r] { 
326
218
14
# } 
# Right iris [x,y,r] { 
197
224
14
# } 
# Face bounding Box [top(x), left(y), width, height] { 
115
147
282
281
# }