# File name { 
8032561_post_repose.png
# } 
# 68 facial Landmarks [x,y] { 
86,258
89,313
94,365
104,417
121,465
147,506
191,534
242,555
297,561
350,555
396,534
437,506
463,465
481,417
492,363
502,308
508,252
120,188
146,162
183,152
222,155
257,168
329,167
364,154
401,150
437,160
461,186
293,209
294,244
295,278
296,313
255,345
275,352
294,358
315,354
333,347
167,221
189,202
216,202
239,225
216,229
189,229
343,225
367,201
394,202
415,221
396,229
369,230
226,434
250,416
276,409
293,415
313,411
342,424
370,441
341,455
313,456
292,455
273,452
248,446
238,432
276,430
293,433
313,433
358,440
312,434
292,433
274,430
# } 
# Left iris [x,y,r] { 
388
205
14
# } 
# Right iris [x,y,r] { 
211
204
14
# } 
# Face bounding Box [top(x), left(y), width, height] { 
36
91
471
468
# }