# File name { 
8032758_post_repose.png
# } 
# 68 facial Landmarks [x,y] { 
35,367
33,445
39,516
48,583
64,650
101,705
163,743
237,762
312,774
385,765
458,745
515,709
551,654
560,593
568,525
582,453
579,377
99,278
131,245
178,240
207,254
236,261
377,265
411,247
450,242
491,252
523,279
323,316
325,353
326,390
327,429
271,487
297,488
323,488
353,489
379,490
151,337
183,326
217,325
255,335
218,342
184,345
382,339
422,336
453,339
480,348
451,352
421,348
224,598
257,561
302,545
325,554
347,550
387,572
415,606
383,607
349,600
319,599
288,602
251,605
246,588
296,576
325,579
349,582
393,600
347,579
321,578
293,576
# } 
# Left iris [x,y,r] { 
438
344
27
# } 
# Right iris [x,y,r] { 
203
335
28
# } 
# Face bounding Box [top(x), left(y), width, height] { 
45
172
562
558
# }