# File name { 
8032561_pre_smile.png
# } 
# 68 facial Landmarks [x,y] { 
20,306
22,375
35,441
52,505
76,564
116,614
171,649
230,677
296,683
359,666
413,628
464,588
499,537
520,477
530,412
535,349
527,283
63,215
92,178
138,160
187,162
231,178
316,175
357,156
404,152
447,167
475,199
275,229
278,272
281,313
284,356
232,396
256,405
282,412
308,403
332,393
121,252
148,234
179,232
210,251
180,254
149,255
333,248
362,228
391,227
417,243
391,248
363,249
181,500
217,476
258,467
284,472
310,466
349,473
388,489
351,522
313,536
284,541
256,541
217,532
195,500
257,490
283,491
310,488
373,491
311,508
284,513
257,513
# } 
# Left iris [x,y,r] { 
392
227
20
# } 
# Right iris [x,y,r] { 
176
245
21
# } 
# Face bounding Box [top(x), left(y), width, height] { 
36
142
470
470
# }