# File name { 
8032758_pre_repose.png
# } 
# 68 facial Landmarks [x,y] { 
58,341
60,403
66,463
81,523
100,578
139,621
193,653
257,670
323,677
388,665
449,640
496,602
522,551
531,494
537,434
535,371
520,307
103,275
126,243
165,229
207,231
242,243
343,231
376,215
415,207
453,215
478,244
297,284
300,317
302,350
305,385
269,437
289,436
309,434
331,433
348,432
149,312
176,296
206,291
241,301
208,309
178,315
351,295
384,277
416,276
442,289
417,299
387,299
244,528
267,503
291,489
305,495
322,488
352,505
377,532
356,536
332,538
312,540
289,539
267,533
266,521
291,511
311,513
330,513
360,527
330,515
310,515
291,513
# } 
# Left iris [x,y,r] { 
406
283
21
# } 
# Right iris [x,y,r] { 
195
297
27
# } 
# Face bounding Box [top(x), left(y), width, height] { 
87
193
470
470
# }