# File name { 
8032561_post_smile.png
# } 
# 68 facial Landmarks [x,y] { 
82,297
85,350
90,400
97,452
112,501
138,542
182,570
230,592
286,602
341,595
388,575
432,548
464,508
486,462
499,410
502,356
501,300
120,231
143,202
180,187
221,189
258,203
329,201
363,187
401,184
435,198
457,227
293,244
294,278
294,312
294,347
250,376
270,385
291,392
313,387
333,380
167,257
188,238
215,238
238,259
215,262
189,262
343,262
366,241
392,241
413,261
393,267
367,267
210,459
237,439
262,432
283,441
307,434
344,449
373,469
341,491
309,496
284,495
261,491
232,482
221,459
267,453
288,457
312,458
353,467
310,473
286,473
264,470
# } 
# Left iris [x,y,r] { 
389
244
14
# } 
# Right iris [x,y,r] { 
211
242
14
# } 
# Face bounding Box [top(x), left(y), width, height] { 
36
92
476
472
# }