# File name { 
8043719_post_repose.PNG
# } 
# 68 facial Landmarks [x,y] { 
75,248
70,305
67,355
74,405
90,452
121,494
170,526
222,538
277,537
332,529
386,515
428,484
456,443
470,401
474,346
472,297
466,247
112,205
132,180
166,169
203,173
234,186
318,186
351,177
386,178
417,190
436,216
277,223
278,248
280,272
281,298
236,335
256,337
277,338
299,338
318,337
156,236
177,224
201,224
228,236
201,241
176,243
324,236
350,223
374,224
394,237
375,243
351,241
197,411
232,395
257,384
275,390
292,385
318,396
344,409
314,407
292,409
273,411
254,410
231,409
216,406
256,400
276,400
293,400
329,407
292,397
275,398
255,399
# } 
# Left iris [x,y,r] { 
364
233
16
# } 
# Right iris [x,y,r] { 
190
233
14
# } 
# Face bounding Box [top(x), left(y), width, height] { 
76
124
409
409
# }