# File name { 
8043719_pre_smile.PNG
# } 
# 68 facial Landmarks [x,y] { 
46,184
39,240
35,290
43,343
62,386
93,422
136,449
185,468
241,473
297,466
350,447
398,420
435,382
455,335
463,283
463,230
457,175
74,154
98,133
132,123
170,123
202,134
280,123
315,112
354,108
389,118
415,138
238,156
236,186
235,214
233,245
190,273
211,276
234,278
260,277
282,274
115,176
140,172
164,168
193,168
165,170
142,174
291,166
322,162
348,164
372,166
346,168
321,166
151,336
175,325
203,320
227,325
253,320
294,322
331,326
300,337
268,342
238,345
208,346
178,344
167,334
207,336
234,336
263,334
314,328
264,330
235,332
208,332
# } 
# Left iris [x,y,r] { 
331
165
22
# } 
# Right iris [x,y,r] { 
154
171
22
# } 
# Face bounding Box [top(x), left(y), width, height] { 
31
31
413
413
# }