# File name { 
8060750_pre_repose.png
# } 
# 68 facial Landmarks [x,y] { 
72,259
71,327
75,391
80,452
99,511
133,560
179,597
235,627
298,639
362,628
420,601
471,563
506,513
527,453
534,389
535,324
528,256
113,212
136,179
173,164
215,170
251,188
346,177
382,160
423,156
460,172
483,205
295,236
294,272
293,308
291,346
248,397
270,396
293,396
319,397
343,396
154,249
178,242
209,241
239,250
208,255
179,257
354,250
387,239
417,241
440,245
417,255
387,254
232,507
269,471
288,460
311,468
331,464
358,481
388,496
351,508
325,522
295,523
268,518
248,513
245,496
274,485
297,486
325,487
367,493
323,492
298,491
275,488
# } 
# Left iris [x,y,r] { 
397
247
24
# } 
# Right iris [x,y,r] { 
196
249
23
# } 
# Face bounding Box [top(x), left(y), width, height] { 
36
91
473
470
# }