# File name { 
8061200_post_repose.png
# } 
# 68 facial Landmarks [x,y] { 
180,172
180,189
183,205
187,219
193,232
201,245
213,255
226,263
244,264
261,260
274,251
284,239
289,227
292,211
294,198
295,178
293,159
185,159
190,150
199,147
210,146
222,148
244,143
255,139
266,137
277,140
284,148
233,158
234,168
235,178
236,188
226,199
232,199
238,199
244,198
250,196
195,167
203,164
212,162
221,164
212,167
203,169
247,160
257,157
265,157
272,159
265,161
258,161
217,224
224,216
233,210
239,211
245,208
255,212
262,219
258,226
250,229
241,230
233,231
224,229
221,223
232,218
240,218
247,217
257,219
247,219
240,220
233,221
# } 
# Left iris [x,y,r] { 
262
154
8
# } 
# Right iris [x,y,r] { 
203
166
9
# } 
# Face bounding Box [top(x), left(y), width, height] { 
174
119
127
126
# }