# File name { 
8061200_post_smile.png
# } 
# 68 facial Landmarks [x,y] { 
151,185
149,202
152,218
156,233
166,245
177,258
185,268
200,275
218,276
236,271
245,256
254,244
257,231
260,218
260,201
262,183
257,166
153,178
157,168
167,162
178,161
190,162
211,155
222,151
233,149
244,153
248,167
201,170
203,180
205,190
206,201
193,210
201,210
209,209
216,206
222,203
165,179
172,175
180,173
189,176
180,178
172,181
215,171
224,166
231,166
238,168
232,170
225,170
185,231
194,225
204,220
211,220
218,217
230,217
239,217
232,229
225,234
211,238
203,238
193,237
190,231
204,228
212,226
222,223
234,221
224,230
214,232
205,233
# } 
# Left iris [x,y,r] { 
229
167
7
# } 
# Right iris [x,y,r] { 
178
177
6
# } 
# Face bounding Box [top(x), left(y), width, height] { 
145
131
123
125
# }