# File name { 
8063021_pre_repose.png
# } 
# 68 facial Landmarks [x,y] { 
54,339
50,407
54,472
64,529
87,580
126,620
179,647
236,665
297,668
358,659
416,640
469,612
507,569
534,516
536,455
539,392
530,325
88,295
117,260
165,248
213,248
256,257
320,249
366,241
412,236
456,247
486,277
289,302
289,337
288,372
287,408
251,447
265,453
287,456
307,452
325,447
145,319
169,298
205,299
245,321
205,332
169,335
337,314
373,287
407,287
431,302
410,320
376,321
213,534
235,515
261,498
279,505
300,498
332,513
365,535
333,542
304,546
280,547
259,547
235,543
229,530
262,525
283,524
304,525
343,530
306,523
285,524
264,524
# } 
# Left iris [x,y,r] { 
392
287
20
# } 
# Right iris [x,y,r] { 
184
300
20
# } 
# Face bounding Box [top(x), left(y), width, height] { 
36
195
473
472
# }