# File name { 
8063021_post_smile.png
# } 
# 68 facial Landmarks [x,y] { 
92,275
87,323
87,370
94,414
114,449
144,481
187,509
225,525
267,529
316,520
360,499
395,481
427,452
436,415
440,367
442,327
441,278
134,245
153,224
181,210
213,208
242,215
304,212
333,207
363,207
390,219
409,242
273,249
272,274
272,298
271,323
231,337
248,344
268,351
289,349
307,346
174,256
190,243
210,242
234,256
210,257
191,258
312,257
334,241
355,242
371,253
356,259
335,259
185,383
206,376
229,380
246,385
269,384
290,382
329,395
308,410
283,418
255,426
219,435
197,416
190,382
219,393
236,398
250,400
308,398
246,412
222,412
206,407
# } 
# Left iris [x,y,r] { 
345
247
14
# } 
# Right iris [x,y,r] { 
198
247
14
# } 
# Face bounding Box [top(x), left(y), width, height] { 
99
175
338
338
# }