# File name { 
8063021_post_repose.png
# } 
# 68 facial Landmarks [x,y] { 
106,283
102,334
100,381
105,426
126,464
159,490
201,505
240,523
283,529
327,520
366,502
406,486
436,459
441,420
450,378
451,335
449,284
146,247
165,224
195,212
227,211
257,217
310,219
341,216
372,217
400,229
419,251
285,257
285,281
286,305
286,331
252,360
268,362
285,364
303,363
318,361
180,262
198,246
221,247
244,264
220,269
197,270
322,265
346,249
368,250
384,261
369,271
347,271
222,421
242,402
267,394
283,398
299,395
325,401
347,413
322,419
299,421
281,422
263,424
242,423
233,416
266,410
284,411
302,410
336,412
301,407
283,408
266,410
# } 
# Left iris [x,y,r] { 
356
256
14
# } 
# Right iris [x,y,r] { 
209
254
14
# } 
# Face bounding Box [top(x), left(y), width, height] { 
101
178
344
345
# }