# File name { 
8066781_post_smile.png
# } 
# 68 facial Landmarks [x,y] { 
108,211
108,243
107,273
113,299
123,327
135,351
154,376
179,394
212,402
246,397
272,380
296,358
311,333
320,307
325,278
328,249
328,218
128,182
137,167
155,159
174,158
192,162
246,167
264,164
283,165
300,173
312,189
219,190
218,207
218,223
218,241
189,260
203,263
218,265
232,263
244,262
137,208
163,195
175,193
189,202
173,204
155,209
247,196
262,192
275,194
299,203
287,205
261,199
175,301
186,294
200,289
209,293
224,291
243,295
272,300
256,310
240,313
224,314
206,310
183,305
181,300
194,300
212,302
231,301
264,300
241,303
225,305
202,302
# } 
# Left iris [x,y,r] { 
271
194
9
# } 
# Right iris [x,y,r] { 
165
198
9
# } 
# Face bounding Box [top(x), left(y), width, height] { 
96
122
234
234
# }