# File name { 
8066781_post_repose.png
# } 
# 68 facial Landmarks [x,y] { 
96,247
97,282
98,313
102,341
113,368
122,391
143,411
168,425
202,431
236,425
262,409
279,385
293,363
301,337
306,308
307,279
307,247
112,210
121,195
137,187
155,184
174,187
225,193
243,189
263,191
280,199
292,214
199,214
200,230
200,246
201,263
177,288
190,289
203,291
216,288
226,287
126,232
140,219
154,220
167,225
157,229
143,232
228,220
243,219
256,221
272,227
256,225
243,224
158,338
170,325
199,317
216,318
226,317
234,318
251,332
239,343
222,351
205,352
187,350
167,342
169,338
186,329
202,331
218,330
237,333
219,337
202,338
187,336
# } 
# Left iris [x,y,r] { 
250
219
13
# } 
# Right iris [x,y,r] { 
147
224
9
# } 
# Face bounding Box [top(x), left(y), width, height] { 
74
160
253
253
# }