# File name { 
8066914_post_repose.PNG
# } 
# 68 facial Landmarks [x,y] { 
41,295
48,359
66,417
84,472
106,524
139,569
182,606
233,633
294,639
353,627
402,595
438,553
465,507
480,455
500,401
512,343
513,281
80,249
109,220
151,206
197,209
239,222
318,206
358,194
402,190
444,202
470,230
275,267
276,295
277,323
278,353
243,408
261,407
280,405
301,404
319,403
125,290
156,282
186,276
217,279
188,289
157,296
337,274
370,265
400,268
427,278
400,286
370,282
207,494
241,454
271,442
288,445
300,440
324,461
372,480
343,497
318,510
294,515
262,517
237,514
228,485
271,476
288,478
305,474
349,481
307,481
287,487
258,484
# } 
# Left iris [x,y,r] { 
382
275
25
# } 
# Right iris [x,y,r] { 
171
286
25
# } 
# Face bounding Box [top(x), left(y), width, height] { 
39
151
496
493
# }