# File name { 
8069924_pre_smile.png
# } 
# 68 facial Landmarks [x,y] { 
58,310
55,385
60,454
76,521
110,571
149,622
204,658
264,683
328,680
387,662
433,627
474,585
506,535
524,475
525,417
517,358
507,304
97,290
126,260
172,248
222,254
269,266
335,259
375,246
416,240
454,249
478,277
299,308
301,343
304,378
308,416
254,454
282,456
312,456
338,443
359,430
146,312
171,304
204,303
238,320
203,323
172,325
349,314
381,300
408,301
429,310
409,315
382,314
246,549
290,511
320,490
345,490
359,473
383,469
414,482
401,503
389,533
368,545
329,544
286,549
279,535
324,511
350,496
366,491
389,485
377,494
365,507
329,519
# } 
# Left iris [x,y,r] { 
398
307
22
# } 
# Right iris [x,y,r] { 
185
314
21
# } 
# Face bounding Box [top(x), left(y), width, height] { 
36
196
476
476
# }