# File name { 
9181193_post_repose.PNG
# } 
# 68 facial Landmarks [x,y] { 
110,228
108,270
114,309
123,345
136,379
155,408
184,432
218,449
258,456
297,451
333,435
362,413
383,382
395,347
403,311
408,272
406,229
138,185
153,164
177,153
205,156
227,166
295,167
319,157
346,155
369,166
382,187
258,208
257,228
256,248
255,269
225,302
239,302
253,302
270,304
286,306
163,214
180,202
203,202
223,217
202,221
180,222
295,218
317,202
340,202
356,216
341,225
318,224
204,355
221,345
239,340
249,343
263,341
286,350
306,364
289,367
271,369
254,369
238,367
221,362
216,354
239,355
253,357
268,356
295,362
268,355
253,355
239,353
# } 
# Left iris [x,y,r] { 
330
209
14
# } 
# Right iris [x,y,r] { 
190
207
14
# } 
# Face bounding Box [top(x), left(y), width, height] { 
117
148
284
285
# }