# File name { 
9181193_post_smile.PNG
# } 
# 68 facial Landmarks [x,y] { 
104,222
103,265
107,304
116,341
130,375
151,405
180,432
214,451
255,459
296,451
330,431
366,407
382,375
394,340
400,303
403,263
400,219
129,182
142,159
164,148
191,151
213,163
286,164
309,155
336,156
359,167
373,189
248,203
247,225
247,246
246,268
213,294
230,296
247,297
267,294
284,290
158,210
173,202
191,202
209,212
191,214
172,215
289,211
309,196
329,196
342,207
329,212
310,212
193,345
215,336
238,332
252,334
267,330
295,336
316,349
301,363
280,367
260,367
239,365
215,358
206,346
237,347
256,346
274,343
308,350
278,356
258,355
239,351
# } 
# Left iris [x,y,r] { 
320
201
14
# } 
# Right iris [x,y,r] { 
183
204
14
# } 
# Face bounding Box [top(x), left(y), width, height] { 
115
147
282
281
# }