# File name { 
9229820_pre_repose.png
# } 
# 68 facial Landmarks [x,y] { 
61,336
61,404
76,469
92,533
114,586
141,640
191,675
248,695
310,700
369,689
423,663
466,625
492,574
509,516
519,458
535,394
534,336
122,268
143,244
176,233
211,245
239,262
412,247
445,230
485,230
511,244
525,273
306,304
306,344
308,384
309,424
271,472
291,473
311,472
329,471
345,467
171,309
189,289
223,291
255,319
220,325
188,324
362,321
385,294
418,294
442,321
419,325
387,325
239,569
275,549
304,538
322,543
337,535
360,543
382,554
366,569
344,575
321,577
297,577
269,575
260,564
294,558
318,557
338,554
366,554
341,556
320,558
297,558
# } 
# Left iris [x,y,r] { 
405
312
21
# } 
# Right iris [x,y,r] { 
203
304
21
# } 
# Face bounding Box [top(x), left(y), width, height] { 
88
194
471
471
# }