# File name { 
9229820_post_repose.png
# } 
# 68 facial Landmarks [x,y] { 
143,282
141,330
145,375
153,416
167,452
187,485
219,508
259,521
300,526
342,521
382,507
414,482
434,451
449,415
458,375
465,334
463,288
177,239
193,220
217,210
245,214
267,226
343,229
367,221
393,220
416,229
431,248
303,255
303,278
303,301
303,325
271,363
286,362
302,361
318,362
331,362
207,261
224,249
244,248
262,262
242,263
223,264
343,266
364,255
384,257
400,268
384,271
365,269
239,424
262,415
284,410
297,414
311,409
334,415
352,428
335,432
315,435
298,437
279,436
258,433
251,424
283,424
298,424
314,423
340,426
313,423
298,423
283,423
# } 
# Left iris [x,y,r] { 
372
259
14
# } 
# Right iris [x,y,r] { 
231
255
14
# } 
# Face bounding Box [top(x), left(y), width, height] { 
134
170
326
327
# }