# File name { 
9229820_post_smile.png
# } 
# 68 facial Landmarks [x,y] { 
142,286
140,331
144,376
151,417
166,456
187,489
221,513
259,529
302,535
345,527
383,509
414,482
435,448
448,412
456,371
461,331
459,288
174,245
188,226
211,216
238,220
261,233
341,236
364,227
389,226
412,235
427,254
300,262
299,287
299,311
299,336
265,363
281,365
299,366
318,363
333,359
206,266
222,258
240,259
257,270
239,268
222,268
340,273
360,260
380,261
394,272
379,274
360,273
235,418
261,409
287,405
304,409
320,404
347,407
364,417
354,436
332,446
308,448
284,445
257,435
248,418
284,420
304,420
324,417
356,418
328,432
306,432
285,430
# } 
# Left iris [x,y,r] { 
369
266
16
# } 
# Right iris [x,y,r] { 
230
262
14
# } 
# Face bounding Box [top(x), left(y), width, height] { 
133
169
324
324
# }