# File name { 
9229820_pre_smile2.PNG
# } 
# 68 facial Landmarks [x,y] { 
31,242
30,305
42,363
58,413
82,460
108,505
153,534
204,549
261,550
312,539
358,517
394,486
418,443
433,395
442,345
447,292
444,235
82,179
102,156
132,143
170,142
200,151
332,150
355,135
385,127
414,138
431,157
248,202
250,234
252,266
255,300
220,345
239,344
259,342
277,339
291,335
121,213
140,196
171,197
198,217
170,224
140,225
290,216
320,196
348,196
367,212
349,220
322,220
192,433
229,413
259,402
278,404
292,397
312,402
333,408
317,419
298,425
278,428
255,429
227,431
212,427
250,419
273,416
292,412
319,409
294,411
275,413
254,413
# } 
# Left iris [x,y,r] { 
336
204
16
# } 
# Right iris [x,y,r] { 
153
204
16
# } 
# Face bounding Box [top(x), left(y), width, height] { 
31
124
412
412
# }