# File name { 
9371600_pre_smile2.PNG
# } 
# 68 facial Landmarks [x,y] { 
124,328
125,433
124,542
133,661
154,751
207,848
293,917
409,972
549,997
689,982
810,937
910,869
982,775
1021,675
1042,562
1046,449
1038,337
221,228
272,194
340,170
398,180
448,209
672,213
732,199
802,205
867,218
927,239
573,294
574,346
573,396
571,451
440,537
494,546
547,552
616,548
660,538
272,333
322,305
412,298
458,338
395,342
336,342
687,336
776,300
854,306
896,343
852,341
756,341
335,685
420,625
501,621
549,629
590,617
691,627
796,674
694,709
623,729
545,737
467,730
401,726
385,681
495,668
553,674
619,669
754,681
639,700
546,692
469,692
# } 
# Left iris [x,y,r] { 
816
323
47
# } 
# Right iris [x,y,r] { 
366
324
51
# } 
# Face bounding Box [top(x), left(y), width, height] { 
151
63
816
816
# }