# File name { 
9371600_post_repose.png
# } 
# 68 facial Landmarks [x,y] { 
127,315
125,361
134,404
146,444
159,480
180,512
211,538
251,553
296,560
343,556
385,543
419,518
441,485
452,448
460,408
468,364
466,318
155,257
173,234
201,226
232,230
257,243
336,247
364,236
394,234
421,242
437,263
296,278
295,296
295,314
294,334
263,377
278,376
293,375
310,377
326,379
188,288
207,276
230,277
254,291
230,295
206,296
338,292
363,276
387,277
404,290
387,298
364,297
231,440
250,426
271,418
285,422
302,419
332,431
359,446
337,450
313,451
293,452
272,450
251,448
245,437
273,436
290,437
309,437
347,444
311,440
292,439
274,436
# } 
# Left iris [x,y,r] { 
375
289
14
# } 
# Right iris [x,y,r] { 
218
287
14
# } 
# Face bounding Box [top(x), left(y), width, height] { 
133
206
324
324
# }