# File name { 
9371600_pre_repose2.PNG
# } 
# 68 facial Landmarks [x,y] { 
183,339
168,456
171,566
187,671
215,767
275,846
367,905
480,954
599,977
719,966
842,934
944,874
1019,795
1059,701
1094,598
1108,480
1093,355
260,220
314,178
383,148
456,151
505,172
715,183
770,168
851,167
926,184
979,206
624,263
621,307
617,351
612,401
509,506
540,511
592,515
653,519
694,521
336,293
387,274
450,269
525,289
449,307
388,311
748,316
805,275
888,269
941,330
894,336
818,329
400,681
456,612
523,589
574,607
624,595
723,618
793,689
686,708
644,703
575,706
519,719
465,714
448,670
528,651
569,652
602,647
736,674
607,664
559,660
509,660
# } 
# Left iris [x,y,r] { 
854
298
46
# } 
# Right iris [x,y,r] { 
418
294
49
# } 
# Face bounding Box [top(x), left(y), width, height] { 
161
67
870
869
# }