# File name { 
9371600_post_smile.png
# } 
# 68 facial Landmarks [x,y] { 
125,318
123,365
131,409
142,449
157,486
181,519
215,543
254,560
298,567
343,560
387,543
420,518
443,485
454,448
461,407
465,363
461,317
153,263
170,244
197,237
226,242
251,254
334,259
361,248
389,245
416,252
434,271
292,285
291,307
291,330
291,353
254,382
272,385
290,387
311,384
328,380
187,295
205,286
226,287
250,299
226,300
205,300
336,300
360,284
383,284
400,296
382,301
361,301
223,438
245,423
272,418
291,421
311,417
344,423
371,434
352,450
324,457
299,458
274,457
246,452
235,436
273,434
294,434
317,431
363,434
322,443
298,443
275,442
# } 
# Left iris [x,y,r] { 
373
293
14
# } 
# Right iris [x,y,r] { 
214
294
14
# } 
# Face bounding Box [top(x), left(y), width, height] { 
133
206
326
326
# }