# File name { 
9458778_post_smile.png
# } 
# 68 facial Landmarks [x,y] { 
90,243
83,286
88,336
96,384
117,428
148,463
190,489
233,507
280,514
326,500
365,477
402,448
429,410
442,364
444,315
444,266
436,226
128,206
152,191
176,183
201,181
220,186
299,188
321,175
351,171
380,177
399,191
264,215
266,243
269,271
271,300
229,326
251,329
274,330
296,322
314,313
156,225
175,213
198,212
221,225
197,230
175,233
308,219
331,205
353,205
369,213
354,217
333,218
197,376
233,372
263,368
283,368
301,362
327,361
353,363
335,383
311,397
287,401
262,399
230,389
211,379
259,378
282,376
305,370
343,366
308,385
285,389
260,388
# } 
# Left iris [x,y,r] { 
344
211
14
# } 
# Right iris [x,y,r] { 
185
219
14
# } 
# Face bounding Box [top(x), left(y), width, height] { 
67
109
362
363
# }