# File name { 
9458778_pre_repose.png
# } 
# 68 facial Landmarks [x,y] { 
60,257
52,330
59,396
72,460
97,518
135,567
189,601
251,622
319,624
386,613
444,587
492,550
525,499
542,439
550,377
550,313
540,253
101,193
137,174
174,160
213,164
249,170
345,164
388,154
430,147
476,160
498,194
302,211
304,246
306,281
308,318
264,379
287,376
311,373
336,371
358,370
150,225
176,204
212,204
242,221
210,237
176,240
359,224
391,205
422,207
446,223
423,232
392,230
218,492
273,457
304,442
325,447
347,439
373,449
402,478
375,462
354,463
328,464
300,464
272,468
247,475
300,458
325,457
347,454
379,461
346,452
324,454
299,454
# } 
# Left iris [x,y,r] { 
403
217
21
# } 
# Right iris [x,y,r] { 
194
215
19
# } 
# Face bounding Box [top(x), left(y), width, height] { 
36
92
478
474
# }