# File name { 
9458778_post_repose.png
# } 
# 68 facial Landmarks [x,y] { 
112,244
103,298
109,349
118,397
136,441
162,480
200,508
240,528
287,535
334,526
374,503
410,475
436,436
452,392
459,344
460,292
451,238
147,217
175,198
201,189
225,192
247,193
317,191
335,183
363,181
390,175
414,198
282,226
283,254
284,281
285,311
254,347
270,347
287,347
305,346
320,345
177,234
195,222
219,221
242,235
218,240
195,242
325,233
346,216
371,218
389,231
372,239
348,237
229,411
252,400
274,394
289,397
304,393
325,399
345,410
326,415
306,418
290,419
272,417
253,414
242,409
271,406
288,406
304,403
334,408
304,404
289,406
271,405
# } 
# Left iris [x,y,r] { 
356
221
14
# } 
# Right iris [x,y,r] { 
204
227
14
# } 
# Face bounding Box [top(x), left(y), width, height] { 
109
152
371
372
# }