# File name { 
9560262_post_smile.png
# } 
# 68 facial Landmarks [x,y] { 
59,335
56,414
70,486
85,549
111,612
145,659
199,700
264,737
334,753
424,718
480,666
515,615
533,564
547,510
553,462
568,392
570,323
99,263
133,217
191,202
248,206
301,220
378,236
430,221
479,212
528,223
552,263
343,298
345,341
348,383
352,426
286,462
312,469
346,476
381,464
402,453
156,312
195,294
232,296
277,314
231,322
195,322
397,313
436,300
468,302
503,320
468,322
436,320
224,564
292,532
334,523
365,530
392,516
423,521
463,537
433,574
403,585
370,594
322,601
271,589
262,564
331,553
361,552
389,547
438,546
399,557
366,568
327,567
# } 
# Left iris [x,y,r] { 
456
309
27
# } 
# Right iris [x,y,r] { 
213
305
30
# } 
# Face bounding Box [top(x), left(y), width, height] { 
45
172
562
558
# }