# File name { 
9560262_pre_smile.png
# } 
# 68 facial Landmarks [x,y] { 
28,229
25,305
32,374
53,436
77,499
108,552
161,598
230,622
304,642
378,610
444,572
487,528
510,478
522,426
535,361
541,288
549,217
71,162
98,123
148,105
198,111
243,132
331,139
377,121
426,114
476,125
504,160
289,199
290,242
291,285
293,328
240,359
264,367
295,370
328,363
353,353
125,213
154,199
192,199
231,213
191,222
154,225
348,215
391,199
424,200
451,212
424,221
390,221
202,463
246,437
287,421
313,425
340,414
382,423
408,441
393,477
359,497
321,502
280,500
233,489
228,459
283,449
314,443
345,436
391,444
354,467
317,471
283,465
# } 
# Left iris [x,y,r] { 
406
206
28
# } 
# Right iris [x,y,r] { 
169
209
29
# } 
# Face bounding Box [top(x), left(y), width, height] { 
-81
45
622
560
# }