# File name { 
9605977_post_repose.PNG
# } 
# 68 facial Landmarks [x,y] { 
28,170
13,224
9,295
14,363
38,428
77,483
137,518
205,544
281,548
352,534
411,500
462,460
505,407
515,340
511,270
510,215
511,147
62,124
89,85
136,70
187,79
231,95
317,74
362,57
409,50
449,68
472,107
273,142
275,177
277,211
279,248
224,305
252,301
279,298
308,296
333,294
114,154
140,144
176,142
213,157
175,166
140,169
328,152
365,134
396,134
422,144
399,156
366,155
179,410
222,385
262,366
287,370
312,361
343,374
364,394
345,411
316,422
286,426
251,431
211,426
203,405
254,398
284,396
311,391
349,395
310,390
284,393
255,396
# } 
# Left iris [x,y,r] { 
381
145
26
# } 
# Right iris [x,y,r] { 
161
148
20
# } 
# Face bounding Box [top(x), left(y), width, height] { 
40
40
501
501
# }