# File name { 
9605977_post_smile.PNG
# } 
# 68 facial Landmarks [x,y] { 
25,238
5,299
5,366
19,426
44,488
89,538
151,570
216,591
289,596
356,578
416,545
461,503
496,454
512,396
510,333
501,273
501,217
63,184
91,149
135,131
187,137
227,154
322,131
364,114
408,108
448,124
469,162
277,194
280,231
284,267
287,304
222,346
255,347
288,346
322,340
348,333
121,210
142,198
175,196
212,212
176,217
145,219
333,206
368,190
397,189
418,200
398,205
370,206
161,423
222,414
271,404
298,407
324,395
359,397
385,400
367,428
333,452
292,464
247,464
199,449
187,427
256,428
293,427
326,418
374,408
326,418
293,427
257,428
# } 
# Left iris [x,y,r] { 
380
197
23
# } 
# Right iris [x,y,r] { 
164
202
20
# } 
# Face bounding Box [top(x), left(y), width, height] { 
-81
50
652
590
# }