# File name { 
9605977_postrevision_repose.PNG
# } 
# 68 facial Landmarks [x,y] { 
109,315
101,360
100,411
104,457
120,501
148,537
185,562
227,584
277,591
326,582
366,561
402,535
429,502
446,457
449,410
445,365
439,320
142,290
162,271
191,264
222,269
249,280
320,270
348,258
378,256
404,269
418,291
282,314
281,340
281,365
281,391
239,420
258,422
278,424
300,423
318,420
176,316
193,307
216,308
239,324
215,326
192,325
322,324
346,307
368,306
385,317
370,325
347,326
208,486
236,471
262,460
279,465
296,460
319,472
336,489
320,500
298,507
276,509
255,508
231,499
226,486
259,483
277,484
294,483
324,486
294,481
277,482
260,482
# } 
# Left iris [x,y,r] { 
358
313
14
# } 
# Right iris [x,y,r] { 
209
312
14
# } 
# Face bounding Box [top(x), left(y), width, height] { 
100
217
342
342
# }