# File name { 
9605977_postrevision_smile.PNG
# } 
# 68 facial Landmarks [x,y] { 
105,305
98,354
98,403
103,451
121,495
149,531
186,559
229,582
281,591
329,577
368,552
404,521
428,486
445,441
444,395
436,354
435,317
135,276
154,256
183,249
216,255
244,266
319,254
348,245
378,246
402,260
417,284
281,300
283,326
284,352
285,379
236,402
259,405
284,407
308,401
328,395
174,301
192,292
214,294
238,309
213,309
192,309
319,308
345,296
365,296
380,303
364,307
344,307
195,456
239,449
272,440
294,442
313,434
342,437
361,448
346,471
321,488
294,493
263,493
226,479
215,459
265,457
292,455
315,450
351,449
320,467
295,471
266,471
# } 
# Left iris [x,y,r] { 
353
300
17
# } 
# Right iris [x,y,r] { 
201
300
14
# } 
# Face bounding Box [top(x), left(y), width, height] { 
99
215
339
338
# }