# File name { 
9605977_pre_smile.PNG
# } 
# 68 facial Landmarks [x,y] { 
35,236
33,299
35,359
45,422
68,472
108,515
158,549
215,573
278,577
335,553
379,517
418,476
446,429
462,376
460,321
456,268
451,219
71,193
92,163
131,152
173,158
211,170
299,154
334,137
371,132
404,144
423,170
256,212
260,243
264,274
269,307
214,347
243,346
272,345
300,336
322,329
114,219
138,207
166,206
198,224
166,228
139,230
306,216
337,201
362,200
383,209
363,212
337,214
184,441
227,409
272,389
298,389
317,379
345,383
362,393
342,427
325,454
295,467
260,473
216,465
211,437
261,421
290,413
315,403
349,400
318,422
291,431
260,437
# } 
# Left iris [x,y,r] { 
350
207
21
# } 
# Right iris [x,y,r] { 
155
216
19
# } 
# Face bounding Box [top(x), left(y), width, height] { 
31
79
410
407
# }