# File name { 
9631679_pre_repose.png
# } 
# 68 facial Landmarks [x,y] { 
149,590
139,685
129,799
141,916
178,1025
235,1120
313,1200
405,1264
517,1294
633,1282
733,1232
828,1165
883,1075
936,971
974,860
986,750
985,651
243,544
300,512
374,509
448,528
517,560
640,580
713,558
790,544
866,560
919,603
572,662
565,729
557,797
548,866
477,912
508,922
541,930
576,932
610,933
302,625
351,586
423,584
459,650
410,658
355,652
669,679
731,645
805,651
832,686
793,707
733,703
422,1050
463,1027
494,1007
518,1023
546,1013
591,1044
643,1080
598,1087
554,1084
517,1078
485,1071
451,1065
450,1044
493,1044
524,1052
556,1056
610,1069
553,1041
523,1039
494,1032
# } 
# Left iris [x,y,r] { 
776
666
41
# } 
# Right iris [x,y,r] { 
388
615
41
# } 
# Face bounding Box [top(x), left(y), width, height] { 
213
461
727
726
# }