# File name { 
9631679_post_repose.png
# } 
# 68 facial Landmarks [x,y] { 
133,556
120,658
122,747
139,841
174,923
229,990
302,1044
385,1086
482,1097
572,1076
649,1033
708,966
748,898
779,820
797,743
805,654
789,557
189,511
227,471
292,455
359,461
425,480
516,478
578,459
643,449
706,464
744,507
473,545
475,594
478,644
480,697
420,758
449,760
481,758
512,754
540,749
258,556
297,538
346,535
395,561
343,573
294,577
545,561
593,528
649,532
678,561
643,575
597,571
376,885
423,851
465,825
493,833
519,822
561,835
597,855
566,876
532,890
494,897
456,901
414,900
407,878
464,863
496,862
528,856
570,856
530,856
497,862
462,866
# } 
# Left iris [x,y,r] { 
623
553
35
# } 
# Right iris [x,y,r] { 
322
544
26
# } 
# Face bounding Box [top(x), left(y), width, height] { 
130
365
699
699
# }