# File name { 
9631679_pre_smile2.PNG
# } 
# 68 facial Landmarks [x,y] { 
27,286
17,357
18,424
27,493
49,559
89,612
141,654
199,690
265,701
332,695
391,665
437,618
474,563
496,502
507,439
512,374
509,305
75,257
110,232
158,225
204,233
251,251
322,255
368,241
413,231
457,240
483,269
286,299
285,341
284,383
283,426
234,452
254,460
275,467
297,467
316,465
127,298
156,285
191,286
225,304
187,310
153,312
339,311
374,300
408,301
436,312
410,327
376,324
187,529
213,514
240,505
262,515
282,513
315,529
353,546
321,557
286,558
258,556
232,552
206,546
202,529
238,527
263,534
289,537
332,543
289,537
262,536
237,531
# } 
# Left iris [x,y,r] { 
405
309
19
# } 
# Right iris [x,y,r] { 
174
292
20
# } 
# Face bounding Box [top(x), left(y), width, height] { 
40
153
500
497
# }