# File name { 
9631679_post_smile.png
# } 
# 68 facial Landmarks [x,y] { 
142,555
129,652
129,742
142,836
176,924
233,987
308,1035
391,1076
483,1090
573,1076
655,1038
714,977
756,901
787,825
807,743
820,658
806,566
205,515
244,476
307,461
376,467
442,486
530,490
595,471
661,461
724,478
762,520
491,552
491,603
491,656
491,711
427,750
455,760
488,765
523,761
554,754
277,558
314,543
363,541
414,563
359,576
313,578
565,567
616,557
657,558
698,570
661,587
617,584
360,853
411,832
457,822
491,833
523,825
572,833
624,840
578,862
533,873
489,876
450,878
402,875
389,849
456,846
495,851
536,848
593,842
537,845
495,851
454,850
# } 
# Left iris [x,y,r] { 
642
566
35
# } 
# Right iris [x,y,r] { 
337
548
26
# } 
# Face bounding Box [top(x), left(y), width, height] { 
132
370
710
710
# }