# File name { 
9949199_post_repose.PNG
# } 
# 68 facial Landmarks [x,y] { 
57,217
60,285
77,346
88,414
97,477
116,536
161,583
212,620
280,632
347,620
399,582
437,530
451,474
473,413
483,357
499,292
495,238
103,178
130,153
170,146
209,153
246,165
328,161
365,149
403,145
442,153
468,182
284,211
282,245
282,279
281,316
236,367
259,366
281,366
305,365
326,364
147,222
173,216
202,215
227,222
201,230
172,232
340,224
368,210
398,214
419,225
396,234
368,231
201,460
237,445
269,432
297,440
322,433
339,438
365,459
341,465
317,475
289,479
258,482
227,476
218,463
259,452
284,454
310,452
356,454
312,456
288,457
261,457
# } 
# Left iris [x,y,r] { 
385
224
21
# } 
# Right iris [x,y,r] { 
187
223
22
# } 
# Face bounding Box [top(x), left(y), width, height] { 
39
95
492
492
# }