# File name { 
9949199_pre_smile2.PNG
# } 
# 68 facial Landmarks [x,y] { 
168,589
176,718
206,837
242,957
269,1059
318,1178
408,1262
518,1303
640,1301
748,1280
847,1206
910,1099
943,1002
976,897
987,789
994,672
972,556
227,512
274,467
344,451
415,458
482,478
644,461
709,431
776,414
847,421
902,461
563,546
567,609
571,670
577,737
511,836
551,835
591,831
634,817
670,803
310,584
360,569
410,561
459,570
412,584
362,596
672,556
726,538
776,540
824,550
778,560
729,558
484,1057
550,992
623,950
661,954
699,938
715,933
767,954
718,981
690,1000
648,1014
601,1026
552,1035
520,1028
601,1001
640,991
677,973
739,957
683,979
648,991
607,997
# } 
# Left iris [x,y,r] { 
748
549
40
# } 
# Right iris [x,y,r] { 
384
578
39
# } 
# Face bounding Box [top(x), left(y), width, height] { 
71
281
929
928
# }