# File name { 
9949199_pre_repose.PNG
# } 
# 68 facial Landmarks [x,y] { 
31,267
29,333
41,394
55,451
72,505
92,557
128,601
179,634
246,636
305,626
354,594
394,553
419,501
437,448
450,390
455,330
456,265
62,196
84,169
119,163
156,170
188,185
290,182
323,170
359,168
393,178
416,204
236,235
235,266
235,298
235,332
196,382
216,383
237,383
261,381
281,378
106,245
129,236
156,236
182,245
155,248
129,251
295,245
321,230
350,231
370,242
350,251
323,249
175,507
203,474
244,454
267,460
285,454
294,460
321,473
297,483
275,487
245,494
214,494
202,503
191,497
218,472
242,473
265,471
307,473
265,477
241,478
218,476
# } 
# Left iris [x,y,r] { 
338
236
16
# } 
# Right iris [x,y,r] { 
144
243
21
# } 
# Face bounding Box [top(x), left(y), width, height] { 
31
170
413
412
# }