# File name { 
9950030_pre_smile.PNG
# } 
# 68 facial Landmarks [x,y] { 
63,229
66,291
80,352
88,405
103,460
130,504
173,537
225,557
283,569
344,564
398,542
452,510
479,461
490,406
494,347
494,292
494,235
118,178
142,158
174,152
198,158
232,166
324,171
357,157
389,154
417,161
443,174
279,216
278,251
277,286
276,322
234,350
254,356
276,360
303,360
325,357
148,225
174,201
203,201
232,224
202,228
175,229
334,222
361,197
392,197
412,215
393,226
363,227
194,408
222,405
248,404
264,412
286,410
323,421
357,438
331,451
299,456
268,457
239,449
216,429
209,412
247,421
269,427
294,430
340,436
294,431
269,429
245,423
# } 
# Left iris [x,y,r] { 
385
205
16
# } 
# Right iris [x,y,r] { 
185
220
21
# } 
# Face bounding Box [top(x), left(y), width, height] { 
76
124
411
411
# }