# File name { 
9950030_pre_repose.PNG
# } 
# 68 facial Landmarks [x,y] { 
76,256
77,320
87,379
99,434
118,484
146,529
191,562
245,581
303,588
361,581
415,560
459,526
485,477
500,424
505,367
507,308
502,250
120,205
146,183
185,179
215,181
240,188
323,187
353,177
391,175
427,176
450,191
288,232
288,266
289,300
289,336
253,379
272,380
291,380
314,379
334,378
162,241
181,220
211,220
241,244
210,250
181,251
341,242
369,214
399,213
417,232
399,243
371,245
218,466
249,444
273,434
290,441
309,434
340,446
363,466
346,474
321,480
296,482
270,481
246,472
237,458
271,455
293,456
314,456
352,463
315,456
293,456
272,454
# } 
# Left iris [x,y,r] { 
383
230
16
# } 
# Right iris [x,y,r] { 
195
238
21
# } 
# Face bounding Box [top(x), left(y), width, height] { 
77
126
417
416
# }