# File name { 
9950030_post_repose.PNG
# } 
# 68 facial Landmarks [x,y] { 
114,219
111,265
116,306
124,350
136,382
155,416
189,436
226,451
266,458
305,453
341,439
373,416
391,383
404,347
411,308
416,267
413,223
152,184
169,167
190,163
216,165
232,173
297,173
316,168
337,168
360,171
377,185
269,207
268,232
268,255
268,280
240,308
253,310
267,311
282,311
294,310
182,208
194,194
216,195
235,213
215,216
194,216
301,215
320,194
342,194
352,209
343,219
322,219
215,364
234,354
251,349
262,354
275,350
297,359
317,370
300,376
282,377
265,377
248,375
232,370
227,362
250,360
265,362
279,363
307,368
280,365
265,364
250,362
# } 
# Left iris [x,y,r] { 
335
203
14
# } 
# Right iris [x,y,r] { 
205
204
14
# } 
# Face bounding Box [top(x), left(y), width, height] { 
116
148
284
283
# }