# File name { 
9952183_pre_repose.png
# } 
# 68 facial Landmarks [x,y] { 
37,328
33,410
50,485
65,549
96,610
135,660
196,695
263,719
335,727
405,717
473,685
522,646
552,587
579,536
597,473
606,403
599,330
95,248
127,212
174,197
224,195
266,212
369,221
413,206
464,201
511,213
546,243
318,286
318,325
318,363
318,404
275,461
297,462
320,462
348,463
370,464
139,317
180,285
216,283
246,306
214,314
178,321
386,300
423,283
460,284
490,298
460,307
424,305
217,576
258,536
285,524
301,529
324,526
359,540
411,577
375,572
343,565
316,567
288,565
264,566
244,562
289,547
316,551
344,553
384,565
342,550
316,548
289,549
# } 
# Left iris [x,y,r] { 
438
295
28
# } 
# Right iris [x,y,r] { 
194
299
21
# } 
# Face bounding Box [top(x), left(y), width, height] { 
46
176
575
571
# }