# File name { 
9952183_post_smile.png
# } 
# 68 facial Landmarks [x,y] { 
116,337
118,379
123,434
135,483
151,527
183,564
215,584
249,602
295,616
343,602
389,578
425,554
456,524
470,490
480,441
489,384
484,335
157,305
181,287
206,280
232,281
260,294
332,296
361,286
387,286
412,294
438,302
297,324
296,356
295,388
295,420
252,433
272,441
293,447
317,443
336,439
191,329
209,324
229,324
250,332
228,330
209,330
344,336
368,323
391,324
407,331
389,336
367,336
224,483
253,471
272,471
287,475
302,470
335,478
384,473
345,495
325,500
289,507
265,505
247,497
239,487
266,486
286,491
308,491
363,477
321,493
286,497
262,493
# } 
# Left iris [x,y,r] { 
376
328
14
# } 
# Right iris [x,y,r] { 
217
326
17
# } 
# Face bounding Box [top(x), left(y), width, height] { 
115
249
392
392
# }