# File name { 
9957413_pre_repose.png
# } 
# 68 facial Landmarks [x,y] { 
29,302
29,367
40,432
53,490
71,544
108,591
157,627
224,651
297,659
368,650
437,627
490,592
526,546
544,490
554,428
565,365
559,299
68,186
91,160
133,147
185,154
227,173
340,167
384,153
433,149
479,159
509,187
282,221
282,251
283,280
284,311
235,372
259,374
285,375
313,375
338,376
114,244
140,222
181,220
224,242
182,251
142,254
347,245
390,223
430,224
454,245
429,255
391,253
188,482
219,446
262,429
283,436
309,432
357,453
385,490
363,500
324,500
290,499
256,499
218,495
205,479
255,465
284,469
316,471
365,484
316,470
284,468
253,469
# } 
# Left iris [x,y,r] { 
409
233
23
# } 
# Right iris [x,y,r] { 
164
233
23
# } 
# Face bounding Box [top(x), left(y), width, height] { 
-81
109
626
563
# }