# File name { 
9957413_post_repose.png
# } 
# 68 facial Landmarks [x,y] { 
114,366
110,410
121,454
133,493
148,530
166,561
195,587
232,606
277,615
322,608
361,591
394,566
417,535
432,499
440,461
447,418
444,371
143,316
162,295
191,290
220,296
245,307
319,309
347,300
376,297
404,306
420,326
282,343
282,366
281,388
281,412
244,444
261,447
279,449
299,448
316,448
175,346
194,333
218,334
240,351
216,354
192,354
322,355
346,341
370,342
387,355
370,361
348,360
215,508
235,491
261,485
278,491
295,487
322,498
340,515
320,524
294,526
274,525
254,524
232,520
226,507
259,507
278,510
297,510
327,513
293,503
276,504
259,504
# } 
# Left iris [x,y,r] { 
358
347
14
# } 
# Right iris [x,y,r] { 
204
341
14
# } 
# Face bounding Box [top(x), left(y), width, height] { 
128
267
311
312
# }