# File name { 
9957413_post_smile.png
# } 
# 68 facial Landmarks [x,y] { 
150,313
142,358
152,400
162,439
177,475
201,507
231,535
268,560
313,573
357,563
396,541
429,514
453,483
468,448
476,409
482,369
476,325
181,274
201,255
231,251
260,259
284,269
357,271
383,264
409,260
436,268
452,288
319,302
319,328
319,354
318,382
274,396
294,404
316,409
339,405
357,398
215,305
234,297
255,298
277,311
253,310
233,311
358,316
381,302
403,304
419,315
402,320
381,319
236,440
267,434
299,434
318,440
338,437
371,440
395,447
376,473
345,488
316,489
289,484
259,467
250,442
296,452
318,454
343,452
386,449
345,466
320,466
296,461
# } 
# Left iris [x,y,r] { 
393
308
14
# } 
# Right iris [x,y,r] { 
242
301
14
# } 
# Face bounding Box [top(x), left(y), width, height] { 
112
198
383
384
# }