# File name { 
9957413_pre_smile.png
# } 
# 68 facial Landmarks [x,y] { 
35,269
31,339
44,408
59,472
78,530
116,582
166,624
232,655
307,664
379,648
449,618
502,577
539,525
559,465
569,402
575,338
566,271
73,179
102,152
150,148
196,157
231,177
349,172
390,158
433,153
475,158
508,181
287,225
287,260
287,294
289,331
233,374
261,380
292,383
327,377
355,369
124,237
156,230
189,227
230,231
191,235
159,239
351,238
393,243
426,249
459,251
422,252
391,247
193,481
235,446
277,435
304,439
335,433
384,443
431,455
410,491
367,509
318,512
272,510
222,499
233,478
268,467
307,468
349,460
415,459
355,482
312,485
270,482
# } 
# Left iris [x,y,r] { 
414
243
29
# } 
# Right iris [x,y,r] { 
165
231
29
# } 
# Face bounding Box [top(x), left(y), width, height] { 
-82
109
629
565
# }