# File name { 
9964409_pre_repose2.PNG
# } 
# 68 facial Landmarks [x,y] { 
138,476
115,587
112,698
113,804
143,897
196,977
273,1035
360,1083
468,1117
583,1116
695,1092
813,1056
902,992
965,900
1005,796
1024,686
1028,565
196,353
252,288
330,263
414,277
485,314
632,322
720,309
811,312
892,353
944,417
550,426
539,473
527,520
513,571
438,678
471,677
502,677
540,693
581,709
287,442
339,425
396,425
454,447
393,457
338,457
658,465
727,447
786,456
837,483
783,501
724,492
340,821
383,785
421,751
450,771
491,766
560,814
630,877
567,887
497,883
445,869
407,854
372,845
366,817
427,805
461,814
505,826
594,866
502,838
460,831
427,819
# } 
# Left iris [x,y,r] { 
738
463
41
# } 
# Right iris [x,y,r] { 
370
441
44
# } 
# Face bounding Box [top(x), left(y), width, height] { 
66
167
864
857
# }