# File name { 
9964409_pre_smile2.PNG
# } 
# 68 facial Landmarks [x,y] { 
170,442
150,543
136,649
138,752
157,846
206,925
278,991
367,1049
483,1092
605,1101
727,1078
858,1039
956,973
1014,876
1051,766
1067,655
1066,533
229,340
282,269
363,242
449,252
523,289
667,297
757,281
851,282
933,326
982,400
584,403
572,451
560,499
544,551
470,648
501,650
532,654
568,676
609,697
320,416
375,403
430,403
490,423
427,431
373,431
690,442
762,424
823,432
878,458
822,479
759,470
376,777
414,758
452,727
479,741
524,727
596,790
670,869
585,854
527,839
482,824
417,819
390,808
391,781
453,767
480,781
521,790
644,843
559,801
454,814
425,786
# } 
# Left iris [x,y,r] { 
769
435
41
# } 
# Right iris [x,y,r] { 
405
417
45
# } 
# Face bounding Box [top(x), left(y), width, height] { 
157
157
848
848
# }