# File name { 
9964409_post_repose.png
# } 
# 68 facial Landmarks [x,y] { 
99,310
97,366
96,418
104,468
124,510
157,542
201,564
250,578
304,585
359,580
411,567
460,547
493,516
514,474
526,426
529,375
526,320
137,246
163,211
202,198
244,200
282,213
344,215
383,204
426,201
464,219
487,252
311,266
310,288
309,310
307,333
270,386
288,384
306,383
327,386
346,389
185,282
209,273
235,269
263,279
235,284
211,288
361,280
391,276
416,280
440,288
415,292
389,288
235,464
257,437
287,422
304,428
323,425
357,443
385,468
358,468
329,461
307,457
285,459
258,464
249,456
287,442
307,444
328,447
369,462
328,446
307,443
287,442
# } 
# Left iris [x,y,r] { 
396
282
22
# } 
# Right iris [x,y,r] { 
227
276
16
# } 
# Face bounding Box [top(x), left(y), width, height] { 
115
161
392
392
# }