# File name { 
9969385_pre_smile.PNG
# } 
# 68 facial Landmarks [x,y] { 
85,241
82,305
83,366
89,426
110,483
141,528
185,567
238,597
298,608
355,598
410,570
455,533
489,484
505,428
508,369
524,311
523,249
129,187
156,166
193,159
230,165
263,183
355,188
389,171
427,163
462,170
487,192
308,245
307,283
307,321
307,359
259,387
281,393
306,398
331,393
352,386
174,246
196,233
226,235
254,257
224,258
196,256
361,259
388,237
419,237
438,249
418,259
390,260
215,462
245,439
284,429
302,435
322,431
347,441
375,480
352,496
330,516
298,524
258,517
230,495
227,463
274,457
300,460
326,458
356,479
316,496
277,493
256,481
# } 
# Left iris [x,y,r] { 
402
245
16
# } 
# Right iris [x,y,r] { 
210
243
16
# } 
# Face bounding Box [top(x), left(y), width, height] { 
77
126
417
416
# }