# File name { 
9977995_pre_repose.png
# } 
# 68 facial Landmarks [x,y] { 
51,261
47,329
54,397
63,462
79,527
106,590
158,638
223,672
301,682
376,672
449,647
504,591
545,536
559,465
560,397
564,331
556,258
93,184
128,156
159,147
197,136
231,152
352,158
393,131
438,122
481,143
507,166
295,197
294,231
295,265
296,303
249,369
274,368
299,367
325,367
347,368
127,213
156,200
192,200
231,212
193,219
156,222
371,221
406,190
448,188
465,221
442,227
404,230
215,512
243,469
291,446
308,457
326,446
358,464
400,500
356,500
329,498
294,504
268,505
248,510
234,505
284,478
309,478
333,481
377,493
333,484
312,483
277,487
# } 
# Left iris [x,y,r] { 
425
209
29
# } 
# Right iris [x,y,r] { 
168
209
28
# } 
# Face bounding Box [top(x), left(y), width, height] { 
-82
45
629
566
# }