# File name { 
9977995_post_repose.png
# } 
# 68 facial Landmarks [x,y] { 
113,334
109,384
121,428
142,478
158,523
180,566
209,606
247,632
295,641
342,637
385,612
415,573
445,535
458,492
461,452
466,398
460,354
156,311
174,296
204,286
232,286
259,296
335,305
362,298
391,295
418,301
436,319
298,343
297,371
297,399
296,429
259,458
277,462
295,463
313,463
328,462
189,345
209,338
231,338
253,347
231,349
208,351
342,349
364,338
389,340
405,348
388,355
365,353
237,523
258,515
277,507
288,513
299,509
321,522
344,535
326,541
307,548
289,551
270,548
252,539
251,525
275,524
289,528
304,527
329,531
304,526
289,528
275,526
# } 
# Left iris [x,y,r] { 
380
343
14
# } 
# Right iris [x,y,r] { 
220
338
18
# } 
# Face bounding Box [top(x), left(y), width, height] { 
115
248
391
391
# }