# File name { 
9977995_pre_smile.png
# } 
# 68 facial Landmarks [x,y] { 
30,246
36,324
44,398
55,474
70,531
106,597
168,638
239,669
317,677
397,659
464,622
511,568
552,509
558,438
551,373
551,307
547,235
75,172
115,158
154,142
194,139
232,161
338,153
380,132
426,127
469,138
495,165
288,194
291,233
295,272
300,315
249,368
277,369
306,368
335,358
359,348
115,224
148,199
181,198
217,207
183,213
149,226
353,208
394,195
427,195
450,205
425,209
395,209
213,504
259,459
310,440
335,440
358,430
400,438
431,461
418,504
385,526
345,531
304,529
250,519
238,502
296,472
332,465
367,454
421,465
377,498
339,500
298,497
# } 
# Left iris [x,y,r] { 
406
204
26
# } 
# Right iris [x,y,r] { 
160
207
26
# } 
# Face bounding Box [top(x), left(y), width, height] { 
-83
46
637
573
# }