# File name { 
9977995_post_smile.png
# } 
# 68 facial Landmarks [x,y] { 
108,325
104,379
118,430
150,478
159,524
183,563
222,598
265,621
315,627
361,616
399,592
428,556
456,519
465,469
469,422
469,376
465,334
152,292
173,272
202,264
234,267
262,277
345,284
372,278
400,278
425,287
439,308
305,324
307,352
309,380
311,410
270,435
290,439
312,440
331,435
345,428
192,325
211,314
234,315
257,333
232,335
209,335
346,333
370,320
392,321
406,329
392,335
370,333
247,496
280,487
309,478
326,482
341,475
365,481
383,492
378,519
358,532
333,534
308,529
277,516
262,497
302,495
324,494
344,489
377,492
350,511
329,512
306,508
# } 
# Left iris [x,y,r] { 
384
326
14
# } 
# Right iris [x,y,r] { 
222
322
14
# } 
# Face bounding Box [top(x), left(y), width, height] { 
115
203
391
390
# }